0	0.300832	-0.772817	0.558797	89.435059	0.851195	-0.046657	-0.522772	-30.033735	0.430079	0.632912	0.643782	944.779663	
1	0.287839	-0.772158	0.566499	89.924789	0.862382	-0.048257	-0.503954	-28.080370	0.416469	0.633596	0.652004	930.411377	
2	0.288635	-0.768686	0.570799	91.249458	0.862500	-0.050075	-0.503574	-25.778854	0.415673	0.637663	0.648538	922.254578	
3	0.286868	-0.763941	0.578015	91.946556	0.863995	-0.054299	-0.500565	-24.568436	0.413788	0.642998	0.644464	915.922607	
4	0.289434	-0.759001	0.583219	91.882248	0.864363	-0.054516	-0.499904	-24.643314	0.411223	0.648803	0.640274	912.443298	
5	0.285575	-0.758843	0.585324	91.517067	0.871073	-0.049134	-0.488689	-24.071833	0.399597	0.649418	0.646976	907.859863	
6	0.287696	-0.750595	0.594842	91.456062	0.870981	-0.053236	-0.488425	-21.889156	0.398276	0.658614	0.638438	905.811096	
7	0.284902	-0.745303	0.602788	91.713120	0.873987	-0.056288	-0.482678	-19.238934	0.393671	0.664345	0.635349	905.442444	
8	0.291694	-0.737065	0.609631	92.940628	0.871340	-0.058152	-0.487223	-17.404676	0.394566	0.673315	0.625271	904.513062	
9	0.289898	-0.736717	0.610906	93.460587	0.874306	-0.055780	-0.482159	-16.469986	0.389292	0.673896	0.627945	901.543274	
10	0.293004	-0.720955	0.627991	93.098480	0.878694	-0.055861	-0.474106	-15.064013	0.376889	0.690726	0.617132	900.758972	
11	0.292750	-0.712123	0.638105	90.994499	0.878804	-0.062617	-0.473058	-14.339547	0.376831	0.699257	0.607485	902.766479	
12	0.283875	-0.705027	0.649886	86.119896	0.887644	-0.063105	-0.456187	-15.695072	0.362635	0.706367	0.607899	900.585938	
13	0.284045	-0.696075	0.659392	80.014160	0.881314	-0.081316	-0.465482	-16.942039	0.377629	0.713349	0.590364	899.052795	
14	0.273826	-0.705585	0.653581	74.169029	0.882619	-0.085627	-0.462225	-16.935980	0.382103	0.703433	0.599316	897.994751	
15	0.270869	-0.709500	0.650568	69.247108	0.879760	-0.091847	-0.466462	-15.182518	0.390707	0.698694	0.599311	898.441101	
16	0.267894	-0.709349	0.651965	64.095345	0.879905	-0.095494	-0.465455	-10.902704	0.392428	0.698359	0.598577	898.124634	
17	0.265645	-0.703454	0.659231	59.292507	0.880920	-0.100695	-0.462428	-6.507060	0.391678	0.703572	0.592938	899.982178	
18	0.261110	-0.700999	0.663644	53.657791	0.886074	-0.098727	-0.452908	-4.539003	0.383008	0.706296	0.595358	898.754822	
19	0.262444	-0.697273	0.667034	47.388882	0.886320	-0.099123	-0.452339	-2.352612	0.381522	0.709919	0.591992	897.384827	
20	0.268394	-0.688130	0.674123	39.478573	0.886454	-0.097478	-0.452435	-0.137666	0.377046	0.719010	0.583833	895.284058	
21	0.263883	-0.684753	0.679323	31.255926	0.886407	-0.105546	-0.450714	2.980655	0.380327	0.721092	0.579117	896.888184	
22	0.256632	-0.689100	0.677703	23.541641	0.886301	-0.111886	-0.449391	4.696222	0.385501	0.715976	0.582036	899.728577	
23	0.249853	-0.691081	0.678218	16.007889	0.884137	-0.122770	-0.450810	6.149461	0.394811	0.712273	0.580336	899.168457	
24	0.250811	-0.684665	0.684344	9.787785	0.885332	-0.123678	-0.448209	8.455225	0.391511	0.718287	0.575136	900.686279	
25	0.236896	-0.687344	0.686613	5.263296	0.884912	-0.139054	-0.444515	7.967148	0.401011	0.712896	0.575298	905.565674	
26	0.236061	-0.677974	0.696151	1.887491	0.885916	-0.144214	-0.440858	4.575820	0.399285	0.720800	0.566585	904.123352	
27	0.234174	-0.674404	0.700244	-0.127496	0.885772	-0.148873	-0.439596	-0.725754	0.400712	0.723198	0.562506	901.692139	
28	0.237136	-0.669544	0.703901	-1.693425	0.881175	-0.156821	-0.446025	-6.707774	0.409020	0.726028	0.552797	898.947021	
29	0.230181	-0.663593	0.711801	-2.034836	0.881059	-0.168479	-0.441984	-10.165026	0.413221	0.728875	0.545883	897.182922	
30	0.239459	-0.647306	0.723640	-1.120837	0.878851	-0.172264	-0.444912	-13.581799	0.412651	0.742509	0.527635	895.317078	
31	0.241058	-0.632906	0.735745	-0.037427	0.874745	-0.186677	-0.447183	-17.997181	0.420371	0.751386	0.508631	893.686218	
32	0.242933	-0.630021	0.737602	0.510109	0.867903	-0.198462	-0.455364	-24.380241	0.433275	0.750790	0.498585	890.555054	
33	0.241533	-0.626407	0.741131	1.054805	0.864468	-0.208081	-0.457599	-32.645954	0.440858	0.751209	0.491251	886.505188	
34	0.243394	-0.620917	0.745132	2.074292	0.864757	-0.209003	-0.456631	-39.530067	0.439265	0.755499	0.486073	882.759705	
35	0.220949	-0.639436	0.736413	4.729086	0.868448	-0.214618	-0.446919	-42.561249	0.443823	0.738282	0.507897	881.832947	
36	0.233007	-0.617734	0.751074	7.865580	0.863811	-0.223292	-0.451632	-44.842007	0.446697	0.754019	0.481577	878.822327	
37	0.229764	-0.617820	0.752002	10.828675	0.861944	-0.229635	-0.452017	-47.351208	0.451951	0.752041	0.479765	874.943970	
38	0.233402	-0.606776	0.759834	13.298759	0.861724	-0.232960	-0.450734	-50.714500	0.450505	0.759969	0.468500	868.172546	
39	0.241287	-0.598665	0.763794	16.418819	0.856030	-0.239461	-0.458116	-54.962955	0.457157	0.764368	0.454696	861.439636	
40	0.235752	-0.605455	0.760162	20.558788	0.853628	-0.244842	-0.459751	-57.705494	0.464477	0.757282	0.459112	857.641052	
41	0.249290	-0.587104	0.770172	24.997742	0.853526	-0.242539	-0.461158	-59.063141	0.457544	0.772323	0.440646	849.559875	
42	0.243439	-0.581938	0.775943	29.736294	0.851419	-0.254970	-0.458340	-61.336693	0.464567	0.772229	0.433403	843.933960	
43	0.246854	-0.569477	0.784067	34.885540	0.846566	-0.267013	-0.460466	-63.355801	0.471581	0.777431	0.416186	836.315063	
44	0.230641	-0.581442	0.780212	40.534584	0.844110	-0.279302	-0.457677	-63.153404	0.484027	0.764143	0.426383	831.738037	
45	0.233729	-0.565930	0.790630	45.287312	0.841385	-0.289796	-0.456168	-60.900501	0.487280	0.771843	0.408430	824.494324	
46	0.238215	-0.549652	0.800710	50.450932	0.841763	-0.294389	-0.452514	-56.984249	0.484445	0.781804	0.392549	817.316956	
47	0.241370	-0.536215	0.808835	55.632057	0.842501	-0.297840	-0.448869	-53.635799	0.481593	0.789788	0.379872	815.595825	
48	0.234837	-0.534072	0.812170	59.661858	0.845894	-0.299339	-0.441428	-52.808884	0.478868	0.790673	0.381472	809.991455	
49	0.239336	-0.522077	0.818630	63.509544	0.844117	-0.304741	-0.441134	-53.454739	0.479775	0.796598	0.367759	802.668579	
50	0.234647	-0.510942	0.826971	67.788246	0.838517	-0.323981	-0.438093	-52.698986	0.491762	0.796226	0.352411	793.737854	
51	0.233555	-0.496443	0.836061	72.548813	0.836165	-0.336302	-0.433276	-51.790127	0.496265	0.800278	0.336563	788.823364	
52	0.232108	-0.481359	0.845235	76.118073	0.840086	-0.338800	-0.423639	-51.107334	0.490287	0.808399	0.325744	784.071411	
53	0.244475	-0.452707	0.857490	78.419075	0.840895	-0.341361	-0.419963	-51.710953	0.482833	0.823729	0.297224	777.173340	
54	0.239672	-0.455580	0.857325	79.776230	0.836185	-0.351833	-0.420725	-53.464985	0.493308	0.817717	0.296624	773.199707	
55	0.242261	-0.448377	0.860389	80.810486	0.834077	-0.356751	-0.420767	-54.007401	0.495606	0.819565	0.287553	769.139587	
56	0.233371	-0.443764	0.865224	81.148827	0.833742	-0.366590	-0.412900	-53.440453	0.500412	0.817732	0.284432	763.624268	
57	0.232605	-0.427116	0.873767	80.001503	0.835838	-0.371554	-0.404131	-53.104790	0.497262	0.824330	0.270573	758.409973	
58	0.225008	-0.434361	0.872183	77.808708	0.832289	-0.379750	-0.403837	-53.467819	0.506622	0.816774	0.276066	756.853333	
59	0.224996	-0.418272	0.880015	73.497673	0.831795	-0.387910	-0.397041	-53.051670	0.507437	0.821325	0.260637	749.612854	
60	0.228525	-0.398218	0.888369	69.738205	0.835164	-0.388729	-0.389089	-51.462292	0.500276	0.830851	0.243742	744.577820	
61	0.224244	-0.403322	0.887157	66.749168	0.829357	-0.399054	-0.391053	-49.585243	0.511743	0.823461	0.245012	742.668579	
62	0.225479	-0.395733	0.890256	63.873985	0.831430	-0.398146	-0.387562	-47.372818	0.507822	0.827572	0.239250	739.888489	
63	0.229508	-0.387812	0.892709	60.901932	0.827660	-0.404866	-0.388667	-43.846863	0.512156	0.828061	0.228055	735.045227	
64	0.232647	-0.383598	0.893716	58.861935	0.823990	-0.410405	-0.390650	-39.225834	0.516638	0.827297	0.220601	731.073181	
65	0.233061	-0.387968	0.891720	57.877232	0.824125	-0.407981	-0.392898	-35.603195	0.516236	0.826458	0.224649	732.722961	
66	0.232461	-0.381605	0.894617	56.969242	0.823344	-0.412438	-0.389870	-33.737915	0.517750	0.827207	0.218316	733.405945	
67	0.231873	-0.370035	0.899617	55.044376	0.825579	-0.414240	-0.383177	-32.639088	0.514446	0.831552	0.209441	730.103699	
68	0.228620	-0.375870	0.898029	53.494122	0.820988	-0.421297	-0.385340	-32.042076	0.523174	0.825367	0.212267	729.516907	
69	0.237322	-0.361951	0.901483	52.021408	0.822405	-0.419058	-0.384758	-31.951685	0.517037	0.832695	0.198218	727.673401	
70	0.233044	-0.365877	0.901014	51.393398	0.816432	-0.429756	-0.385679	-32.004551	0.528327	0.825496	0.198560	727.203247	
71	0.239448	-0.353433	0.904295	51.026833	0.817198	-0.429559	-0.384274	-31.767321	0.524262	0.831002	0.185967	724.491943	
72	0.244378	-0.349985	0.904318	51.183159	0.812661	-0.434866	-0.387909	-31.368155	0.529019	0.829700	0.178147	721.451172	
73	0.248835	-0.334800	0.908841	51.286442	0.814647	-0.435185	-0.383359	-30.452715	0.523862	0.835777	0.164453	718.336487	
74	0.246087	-0.332970	0.910260	50.972141	0.819632	-0.429784	-0.378799	-30.982935	0.517343	0.839295	0.167147	719.482361	
75	0.245013	-0.321697	0.914593	49.702782	0.810390	-0.449880	-0.375337	-32.405380	0.532201	0.833138	0.150472	714.737305	
76	0.248750	-0.309413	0.917817	48.509968	0.813169	-0.448089	-0.371446	-33.559326	0.526193	0.838737	0.140141	713.572083	
77	0.249734	-0.300185	0.920610	47.299614	0.815104	-0.448063	-0.367213	-33.785091	0.522722	0.842098	0.132784	711.675171	
78	0.250502	-0.290490	0.923507	46.806419	0.807866	-0.462937	-0.364750	-34.553333	0.533481	0.837440	0.118709	710.650940	
79	0.261029	-0.262431	0.928975	45.534363	0.819422	-0.448488	-0.356941	-35.188122	0.510305	0.854394	0.097972	705.123047	
80	0.259727	-0.247712	0.933371	42.814644	0.823429	-0.448127	-0.348063	-34.673069	0.504487	0.858965	0.087581	701.688416	
81	0.253597	-0.226770	0.940353	39.141808	0.827963	-0.451772	-0.332233	-32.610603	0.500165	0.862831	0.073188	695.602722	
82	0.242341	-0.209522	0.947297	33.895901	0.829939	-0.460913	-0.314262	-30.405958	0.502465	0.862357	0.062191	692.003906	
83	0.241869	-0.188046	0.951913	27.611210	0.830238	-0.467647	-0.303334	-28.420036	0.502199	0.863681	0.043012	688.535156	
84	0.245009	-0.160510	0.956142	20.998158	0.841555	-0.454484	-0.291941	-24.132839	0.481409	0.876174	0.023724	679.765747	
85	0.247098	-0.149042	0.957460	15.796184	0.844689	-0.451042	-0.288204	-19.344534	0.474808	0.879970	0.014441	680.418457	
86	0.239049	-0.153286	0.958832	11.349543	0.839205	-0.464120	-0.283422	-16.274776	0.488457	0.872408	0.017690	684.539978	
87	0.236191	-0.152943	0.959595	7.092427	0.836804	-0.469968	-0.280872	-14.161114	0.493936	0.869332	0.016980	687.359009	
88	0.239203	-0.132374	0.961904	2.902616	0.841623	-0.465757	-0.273387	-12.421673	0.484202	0.874955	-0.000003	686.059570	
89	0.253294	-0.097707	0.962443	-1.826638	0.854840	-0.443136	-0.269961	-11.403131	0.452869	0.891114	-0.028721	681.993347	
90	0.254999	-0.090016	0.962743	-7.509167	0.858768	-0.436518	-0.268273	-9.845356	0.444402	0.895181	-0.034010	679.191345	
91	0.254273	-0.087820	0.963138	-13.462619	0.864301	-0.426231	-0.267043	-6.513216	0.433969	0.900341	-0.032478	676.230530	
92	0.241582	-0.084379	0.966705	-20.140026	0.876647	-0.408188	-0.254704	-1.119808	0.416088	0.908990	-0.024641	670.199219	
93	0.226432	-0.076095	0.971051	-29.145372	0.870377	-0.431714	-0.236786	3.312515	0.437233	0.898795	-0.031524	683.465820	
94	0.211030	-0.072125	0.974816	-39.452858	0.863947	-0.452732	-0.220525	5.095803	0.457234	0.888725	-0.033229	688.150085	
95	0.204905	-0.073582	0.976013	-50.691166	0.846017	-0.488142	-0.214414	4.820467	0.492208	0.869657	-0.037772	693.786255	
96	0.195473	-0.078991	0.977523	-61.197693	0.837144	-0.505781	-0.208272	5.655740	0.510863	0.859038	-0.032741	697.184570	
97	0.171888	-0.094293	0.980594	-70.379311	0.827790	-0.525815	-0.195663	8.258744	0.534059	0.845357	-0.012328	697.850830	
98	0.186820	-0.077839	0.979306	-78.764557	0.821583	-0.534160	-0.199188	11.325241	0.538609	0.841792	-0.035842	706.627197	
99	0.186215	-0.067491	0.980189	-86.327370	0.817699	-0.542438	-0.192694	14.113358	0.544695	0.837381	-0.045824	709.680725	
100	0.167357	-0.073712	0.983137	-92.627556	0.806554	-0.563242	-0.179527	15.861015	0.566976	0.822997	-0.034811	709.894165	
101	0.163765	-0.067597	0.984181	-97.641510	0.803073	-0.570277	-0.172797	17.225906	0.572935	0.818667	-0.039108	713.005554	
102	0.154400	-0.074191	0.985219	-101.258400	0.793102	-0.585356	-0.168370	17.492535	0.589195	0.807375	-0.031539	711.556030	
103	0.162454	-0.063947	0.984642	-103.784599	0.794099	-0.583840	-0.168933	17.006145	0.585676	0.809346	-0.044068	710.189453	
104	0.161002	-0.047903	0.985791	-105.434395	0.783900	-0.600653	-0.157215	16.343922	0.599649	0.798073	-0.059157	708.837830	
105	0.181376	-0.020604	0.983198	-106.146996	0.794819	-0.585674	-0.158897	15.268256	0.579107	0.810284	-0.089852	705.812012	
106	0.185412	-0.013774	0.982565	-105.529640	0.789107	-0.593792	-0.157229	15.227461	0.585604	0.804500	-0.099228	703.211121	
107	0.217991	0.016918	0.975804	-103.544418	0.818450	-0.547808	-0.173340	14.761199	0.531620	0.836433	-0.133265	701.985596	
108	0.224539	0.044259	0.973460	-101.563232	0.818235	-0.551091	-0.163678	13.667025	0.529220	0.833270	-0.159957	702.585999	
109	0.231253	0.067262	0.970566	-98.561951	0.813944	-0.559847	-0.155136	9.117588	0.532932	0.825861	-0.184214	701.786316	
110	0.234853	0.089733	0.967880	-95.677223	0.809844	-0.568755	-0.143775	2.943033	0.537585	0.817597	-0.206245	700.163147	
111	0.234150	0.111169	0.965824	-91.790512	0.804260	-0.580289	-0.128187	0.213147	0.546206	0.806787	-0.225285	698.586182	
112	0.234232	0.144317	0.961410	-88.517143	0.808296	-0.578390	-0.110105	-1.340991	0.540179	0.802893	-0.252130	698.940430	
113	0.230466	0.167665	0.958527	-86.738472	0.807767	-0.582221	-0.092375	-3.227174	0.542586	0.795554	-0.269618	697.038086	
114	0.223690	0.178006	0.958267	-85.117393	0.817152	-0.570146	-0.084839	-4.595625	0.531250	0.802026	-0.272996	695.842468	
115	0.224899	0.187789	0.956115	-82.742943	0.819298	-0.567585	-0.081237	-7.167153	0.527420	0.801612	-0.281506	694.912476	
116	0.226089	0.202285	0.952871	-79.890312	0.822809	-0.563262	-0.075653	-10.507758	0.521412	0.801134	-0.293791	691.032349	
117	0.231048	0.217072	0.948417	-78.862923	0.821754	-0.565432	-0.070774	-13.262932	0.520902	0.795717	-0.309023	688.261597	
118	0.232811	0.224330	0.946295	-77.620499	0.823139	-0.563647	-0.068892	-15.625605	0.517922	0.794969	-0.315880	684.868408	
119	0.231064	0.229948	0.945374	-76.049835	0.829060	-0.555057	-0.067624	-17.673773	0.509187	0.799396	-0.318896	682.287048	
120	0.234331	0.239733	0.942134	-73.533638	0.825147	-0.561466	-0.062363	-19.550291	0.514026	0.792012	-0.329385	680.819336	
121	0.241699	0.253620	0.936620	-70.542480	0.822618	-0.565511	-0.059149	-20.965496	0.514667	0.784776	-0.345317	678.940796	
122	0.247718	0.264043	0.932157	-67.182426	0.821313	-0.567575	-0.057488	-21.245144	0.513889	0.779832	-0.357462	677.508484	
123	0.252799	0.279033	0.926409	-62.882580	0.821120	-0.568301	-0.052894	-20.822006	0.511720	0.774063	-0.372786	675.550842	
124	0.253581	0.294604	0.921360	-58.515526	0.819423	-0.571594	-0.042757	-19.558428	0.514047	0.765825	-0.386352	674.879517	
125	0.249832	0.304813	0.919061	-55.604187	0.820905	-0.570048	-0.034089	-18.373085	0.513518	0.762976	-0.392640	674.197266	
126	0.256377	0.335766	0.906383	-54.176346	0.818709	-0.573897	-0.018978	-18.128345	0.513798	0.746928	-0.422030	674.721130	
127	0.253387	0.338625	0.906161	-52.549915	0.814583	-0.579943	-0.011058	-16.839666	0.521777	0.740944	-0.422790	670.047852	
128	0.258210	0.350208	0.900378	-49.758099	0.813507	-0.581513	-0.007112	-12.960584	0.521091	0.734299	-0.435050	665.321838	
129	0.259736	0.373798	0.890399	-47.148956	0.814569	-0.580039	0.005891	-6.484689	0.518668	0.723760	-0.455142	666.997986	
130	0.252171	0.388617	0.886220	-45.187450	0.824806	-0.565263	0.013179	-1.409251	0.506069	0.727635	-0.463078	674.061523	
131	0.257688	0.411414	0.874262	-44.545994	0.826333	-0.562782	0.021276	-0.273729	0.500772	0.716947	-0.484988	676.133972	
132	0.239821	0.419470	0.875516	-46.295856	0.831833	-0.553762	0.037459	1.677191	0.500541	0.719299	-0.481734	677.314392	
133	0.238077	0.434423	0.868674	-51.098175	0.836853	-0.545695	0.043546	2.398725	0.492948	0.716584	-0.493466	678.398376	
134	0.241128	0.482108	0.842275	-56.709469	0.831050	-0.550795	0.077354	-1.274877	0.501214	0.681320	-0.533469	678.882629	
135	0.249076	0.490041	0.835355	-62.213287	0.830239	-0.552155	0.076359	-5.007853	0.498665	0.674524	-0.544381	678.672913	
136	0.241593	0.486964	0.839344	-68.399689	0.826219	-0.556861	0.085261	-6.579756	0.508917	0.672882	-0.536873	678.420471	
137	0.248295	0.505292	0.826455	-75.050850	0.825981	-0.556160	0.091883	-5.904351	0.506069	0.659822	-0.555454	679.078491	
138	0.242856	0.497384	0.832844	-82.134506	0.823834	-0.559044	0.093640	-3.928991	0.512171	0.663383	-0.545530	681.662354	
139	0.239110	0.510913	0.825707	-89.666443	0.820554	-0.560985	0.109498	-2.460440	0.519153	0.651354	-0.553370	682.671509	
140	0.233578	0.537488	0.810275	-98.349556	0.824986	-0.550603	0.127419	-3.595850	0.514627	0.638703	-0.572030	684.744141	
141	0.236724	0.542533	0.805989	-106.798820	0.821426	-0.554787	0.132186	-5.167763	0.518868	0.630768	-0.576983	685.074829	
142	0.234273	0.541689	0.807272	-114.147827	0.819897	-0.556286	0.135340	-6.103920	0.522386	0.630173	-0.574453	685.461670	
143	0.229699	0.558010	0.797409	-120.426506	0.812405	-0.561104	0.158631	-6.197467	0.535947	0.611381	-0.582216	684.451233	
144	0.226141	0.551755	0.802760	-126.905449	0.810170	-0.564085	0.159481	-5.763555	0.540820	0.614307	-0.574580	686.144531	
145	0.227926	0.562047	0.795079	-132.332138	0.809733	-0.562893	0.165788	-4.794368	0.540725	0.606014	-0.583408	684.854187	
146	0.223267	0.578236	0.784724	-136.497894	0.808802	-0.559225	0.181957	-2.906071	0.544052	0.594062	-0.592537	682.520325	
147	0.226119	0.589947	0.775132	-139.105423	0.803903	-0.562397	0.193525	-0.756750	0.550102	0.579372	-0.601430	682.228394	
148	0.220200	0.590459	0.776445	-139.670563	0.803621	-0.560990	0.198708	0.848047	0.552908	0.580212	-0.598037	682.312622	
149	0.220671	0.594666	0.773093	-140.226410	0.804666	-0.558939	0.200256	1.883529	0.551198	0.577891	-0.601851	685.306213	
150	0.223270	0.609586	0.760626	-139.771881	0.805568	-0.554748	0.208129	2.786337	0.548829	0.566267	-0.614923	684.168152	
151	0.214833	0.615388	0.758381	-139.533951	0.807430	-0.548774	0.216577	1.932598	0.549459	0.565812	-0.614779	684.188965	
152	0.206176	0.629206	0.749393	-139.053345	0.808488	-0.540957	0.231766	-0.954922	0.551218	0.558090	-0.620239	682.077942	
153	0.201388	0.645388	0.736827	-138.302765	0.806976	-0.535690	0.248653	-5.336167	0.555189	0.544526	-0.628696	679.546326	
154	0.177924	0.646285	0.742062	-136.180145	0.806732	-0.527619	0.266090	-10.422186	0.563497	0.551302	-0.615256	675.906006	
155	0.177821	0.669915	0.720827	-133.226959	0.807710	-0.517787	0.281962	-16.835106	0.562126	0.532081	-0.633172	672.880798	
156	0.175076	0.687056	0.705195	-130.670990	0.802190	-0.514816	0.302418	-24.247017	0.570825	0.512755	-0.641283	670.370789	
157	0.178274	0.704808	0.686630	-128.518326	0.801899	-0.508465	0.313725	-31.232327	0.570244	0.494679	-0.655832	665.763855	
158	0.173696	0.703064	0.689586	-127.713623	0.790783	-0.516908	0.327827	-36.253998	0.586936	0.488371	-0.645757	664.682922	
159	0.175980	0.717079	0.674408	-126.080315	0.783491	-0.516799	0.345055	-37.580330	0.595966	0.467670	-0.652772	660.611877	
160	0.172705	0.722266	0.669704	-123.524742	0.779468	-0.515891	0.355371	-39.501022	0.602167	0.460638	-0.652080	660.185974	
161	0.169967	0.734562	0.656908	-118.531342	0.773233	-0.512668	0.373208	-41.320740	0.610920	0.444511	-0.655125	658.403198	
162	0.174344	0.744723	0.644197	-114.196037	0.774427	-0.507765	0.377412	-39.660141	0.608168	0.433084	-0.665260	656.805176	
163	0.173836	0.747626	0.640964	-112.997078	0.769582	-0.509236	0.385259	-35.233387	0.614432	0.426303	-0.663884	661.782837	
164	0.184154	0.750086	0.635182	-110.819336	0.765076	-0.515087	0.386453	-31.628365	0.617047	0.414797	-0.668729	660.644897	
165	0.191689	0.773435	0.604195	-109.490715	0.789239	-0.487411	0.373542	-27.555573	0.583403	0.405251	-0.703857	660.766479	
166	0.185934	0.786617	0.588778	-108.438751	0.800408	-0.468815	0.373578	-19.828089	0.569892	0.401802	-0.716784	661.879944	
167	0.197101	0.789954	0.580622	-109.772713	0.843725	-0.438289	0.309890	-12.069560	0.499280	0.428806	-0.752892	669.122925	
168	0.174040	0.795726	0.580111	-111.788002	0.812903	-0.448584	0.371433	-8.985525	0.555788	0.406930	-0.724920	667.794250	
169	0.165638	0.791206	0.588689	-116.296638	0.777504	-0.471987	0.415593	-7.939917	0.606674	0.388870	-0.693346	664.648621	
170	0.175778	0.793026	0.583275	-119.948883	0.779167	-0.474202	0.409918	-7.448017	0.601667	0.382414	-0.701255	661.591919	
171	0.189723	0.798277	0.571627	-121.031082	0.762912	-0.486338	0.425961	-7.094003	0.618039	0.355287	-0.701285	657.287048	
172	0.183644	0.803196	0.566700	-122.080849	0.756226	-0.483754	0.440575	-6.489130	0.628011	0.347645	-0.696237	652.918091	
173	0.177949	0.803651	0.567871	-124.279755	0.743791	-0.487686	0.457098	-4.630117	0.644291	0.341037	-0.684532	651.522400	
174	0.187951	0.814731	0.548531	-125.935776	0.747640	-0.480862	0.458049	-3.801082	0.636954	0.324013	-0.699504	648.478516	
175	0.188349	0.819599	0.541092	-127.467506	0.741926	-0.479735	0.468403	-3.434327	0.643484	0.313228	-0.698440	647.838074	
176	0.175305	0.827991	0.532632	-128.938248	0.730805	-0.471955	0.493137	-2.642127	0.659692	0.302802	-0.687837	648.211853	
177	0.151423	0.832928	0.532260	-128.864624	0.698669	-0.471098	0.538452	-3.216396	0.699238	0.290339	-0.653277	646.815979	
178	0.162737	0.847744	0.504823	-127.063072	0.703557	-0.458417	0.543013	-2.540697	0.691755	0.266804	-0.671038	643.491272	
179	0.200646	0.859201	0.470653	-125.032608	0.738462	-0.448341	0.503653	-0.833598	0.643752	0.246504	-0.724445	643.752869	
180	0.140077	0.873667	0.465921	-124.503426	0.697872	-0.420925	0.579481	-1.689295	0.702392	0.243982	-0.668671	658.575500	
181	0.133020	0.889261	0.437629	-121.620842	0.677197	-0.403956	0.615001	-7.848713	0.723679	0.214554	-0.655939	658.580627	
182	0.110146	0.901027	0.419544	-119.410713	0.651957	-0.384111	0.653767	-7.980327	0.750214	0.201515	-0.629740	653.680359	
183	0.102922	0.907033	0.408287	-120.768356	0.660136	-0.369330	0.654078	-7.247925	0.744063	0.202207	-0.636777	655.858643	
184	0.078840	0.915706	0.394037	-121.869370	0.646376	-0.347877	0.679104	-8.971117	0.758937	0.201156	-0.619317	651.642761	
185	0.063102	0.917218	0.393355	-123.914398	0.626288	-0.343266	0.699953	-12.588312	0.777035	0.202185	-0.596104	650.316956	
186	0.059407	0.920440	0.386341	-124.884926	0.628959	-0.335053	0.701535	-15.209002	0.775167	0.201317	-0.598824	650.480225	
187	0.076088	0.925220	0.371722	-123.350777	0.664686	-0.324953	0.672756	-16.986776	0.743240	0.195891	-0.639706	651.348511	
188	0.075448	0.935548	0.345047	-120.201637	0.673939	-0.302879	0.673849	-16.780458	0.734926	0.181700	-0.653354	651.285400	
189	0.102107	0.939955	0.325666	-118.630173	0.685685	-0.303685	0.661524	-16.741104	0.720703	0.155759	-0.675521	654.229736	
190	0.109132	0.941936	0.317562	-118.205559	0.704676	-0.298634	0.643623	-17.194410	0.701087	0.153539	-0.696351	651.318237	
191	0.100732	0.945478	0.309716	-118.297791	0.630523	-0.301470	0.715233	-19.764133	0.769607	0.123237	-0.626514	649.523499	
192	0.148338	0.940685	0.305134	-118.623459	0.654907	-0.324636	0.682429	-23.335039	0.741009	0.098605	-0.664218	647.508667	
193	0.141789	0.940942	0.307447	-117.491959	0.654410	-0.322135	0.684089	-25.307867	0.742727	0.104201	-0.661438	640.495056	
194	0.168676	0.940982	0.293430	-116.199944	0.714265	-0.321837	0.621488	-25.786081	0.679246	0.104758	-0.726397	633.523987	
195	0.182255	0.946302	0.267012	-116.418755	0.748688	-0.309597	0.586189	-26.107939	0.637379	0.093074	-0.764910	632.545776	
196	0.180058	0.948099	0.262084	-115.310860	0.767250	-0.302101	0.565742	-25.051895	0.615555	0.099218	-0.781824	623.490723	
197	0.184254	0.950775	0.249153	-115.178093	0.768802	-0.297351	0.566153	-24.181526	0.612370	0.087234	-0.785745	622.537292	
198	0.189677	0.952672	0.237568	-113.628014	0.772039	-0.294205	0.563383	-22.868258	0.606614	0.076551	-0.791304	619.790283	
199	0.201785	0.955368	0.215766	-113.973289	0.770433	-0.290850	0.567310	-22.175285	0.604746	0.051760	-0.794736	624.911560	
200	0.207926	0.958745	0.193843	-114.070534	0.747455	-0.283565	0.600753	-20.433277	0.630936	0.019977	-0.775579	627.805054	
201	0.209972	0.960455	0.182863	-113.791962	0.774001	-0.277564	0.569106	-19.196003	0.597358	0.022041	-0.801673	625.246033	
202	0.209029	0.962951	0.170387	-115.025421	0.766215	-0.269538	0.583323	-17.042717	0.607638	0.008623	-0.794169	622.467102	
203	0.219195	0.961829	0.163824	-117.265228	0.781396	-0.273604	0.560860	-14.646042	0.584275	0.005075	-0.811541	618.069580	
204	0.227869	0.961707	0.152300	-120.284103	0.788317	-0.274025	0.550880	-14.457003	0.571520	-0.005467	-0.820571	617.975525	
205	0.252221	0.959425	0.126053	-122.372742	0.799393	-0.279992	0.531580	-15.789875	0.545305	-0.033309	-0.837576	615.113892	
206	0.256408	0.958592	0.123918	-123.164864	0.791844	-0.281845	0.541802	-15.703793	0.554294	-0.040798	-0.831322	607.154053	
207	0.242124	0.961254	0.131785	-126.228203	0.784116	-0.273859	0.556925	-15.132958	0.571437	-0.031509	-0.820042	606.169983	
208	0.244469	0.961895	0.122449	-128.254196	0.793804	-0.271055	0.544433	-14.167999	0.556878	-0.035896	-0.829820	603.740112	
209	0.248442	0.961657	0.116161	-130.732239	0.789307	-0.270498	0.551206	-13.728313	0.561493	-0.045255	-0.826244	600.718201	
210	0.241266	0.963215	0.118358	-133.000229	0.776704	-0.264776	0.571513	-12.278570	0.581829	-0.045956	-0.812013	599.896545	
211	0.239980	0.963933	0.115079	-132.743683	0.767046	-0.260940	0.586134	-9.808984	0.595023	-0.052389	-0.802001	600.275818	
212	0.251800	0.960728	0.116616	-129.749802	0.771961	-0.272062	0.574509	-7.435747	0.583674	-0.054637	-0.810149	598.729004	
213	0.256046	0.961735	0.097502	-127.104279	0.771258	-0.264053	0.579171	-5.970891	0.582755	-0.073094	-0.809355	600.960022	
214	0.261010	0.961814	0.082390	-124.665779	0.761814	-0.257649	0.594355	-4.993655	0.592887	-0.092366	-0.799972	604.496155	
215	0.267254	0.960703	0.075006	-121.379715	0.765204	-0.258890	0.589440	-3.732089	0.585696	-0.100134	-0.804322	604.766113	
216	0.257596	0.963815	0.068601	-118.047028	0.762675	-0.246403	0.598008	-3.994870	0.593273	-0.101724	-0.798549	606.102539	
217	0.260446	0.964294	0.048016	-115.521881	0.761689	-0.235777	0.603523	-4.673514	0.593296	-0.120611	-0.795899	611.179688	
218	0.263506	0.964210	0.029411	-112.631546	0.759592	-0.226188	0.609804	-5.649886	0.594632	-0.138346	-0.792006	615.289124	
219	0.264370	0.964121	0.024093	-109.637886	0.755230	-0.222498	0.616542	-8.367033	0.599782	-0.144799	-0.786953	618.499390	
220	0.258631	0.965933	0.009227	-107.204727	0.760452	-0.209486	0.614678	-10.748519	0.595671	-0.151958	-0.788724	621.794556	
221	0.254335	0.967116	-0.001473	-105.682449	0.762938	-0.199705	0.614854	-12.723772	0.594341	-0.157502	-0.788640	624.437988	
222	0.254803	0.966899	-0.013560	-105.336769	0.766060	-0.193280	0.613023	-15.426606	0.590110	-0.166587	-0.789949	627.113403	
223	0.249891	0.968108	-0.017964	-106.699524	0.761771	-0.185111	0.620839	-18.761061	0.597713	-0.168826	-0.783733	627.848328	
224	0.249040	0.968281	-0.020330	-108.810539	0.767293	-0.184451	0.614199	-23.576061	0.590967	-0.168558	-0.788890	627.717224	
225	0.250615	0.967922	-0.017910	-111.130592	0.772284	-0.188738	0.606595	-28.554409	0.583756	-0.165853	-0.794810	625.895142	
226	0.250669	0.967917	-0.017407	-115.113045	0.769239	-0.188236	0.610606	-31.670897	0.587740	-0.166449	-0.791744	624.360107	
227	0.247982	0.968663	-0.014115	-118.267685	0.764213	-0.186647	0.617368	-34.352917	0.595387	-0.163882	-0.786548	626.938354	
228	0.243231	0.969732	-0.021462	-120.392418	0.757591	-0.176112	0.628524	-36.137207	0.605720	-0.169135	-0.777494	628.314453	
229	0.238564	0.970671	-0.029791	-121.796295	0.750336	-0.164765	0.640195	-35.457287	0.616510	-0.175080	-0.767635	632.464111	
230	0.244325	0.969249	-0.029376	-122.842209	0.754638	-0.171028	0.633461	-34.563179	0.608958	-0.176938	-0.773217	638.428040	
231	0.252174	0.966887	-0.039246	-123.540649	0.752546	-0.170454	0.636098	-33.252937	0.608345	-0.189941	-0.770610	645.319275	
232	0.246429	0.967625	-0.054551	-125.630928	0.756487	-0.156865	0.634920	-31.812841	0.605807	-0.197729	-0.770651	652.877625	
233	0.241195	0.968191	-0.066586	-129.101242	0.753625	-0.143631	0.641421	-30.237106	0.611454	-0.204888	-0.764295	661.558533	
234	0.252717	0.963522	-0.088097	-133.206207	0.758016	-0.140583	0.636906	-30.123987	0.601288	-0.227735	-0.765892	669.732910	
235	0.253586	0.963572	-0.085006	-137.785461	0.766836	-0.146687	0.624858	-28.338970	0.589626	-0.223640	-0.776098	673.055054	
236	0.246957	0.963064	-0.107343	-144.912979	0.767333	-0.126703	0.628608	-23.059410	0.591789	-0.237606	-0.770279	681.709900	
237	0.255796	0.960536	-0.109275	-154.053986	0.770457	-0.134281	0.623191	-20.302740	0.583924	-0.243600	-0.774399	688.763672	
238	0.270886	0.957292	-0.101066	-162.588867	0.782445	-0.157812	0.602393	-22.763203	0.560717	-0.242258	-0.791776	689.510559	
239	0.260969	0.956807	-0.128129	-172.328796	0.781256	-0.131370	0.610232	-25.159624	0.567042	-0.259352	-0.781793	692.625854	
240	0.249585	0.962196	-0.109032	-180.358246	0.799459	-0.141210	0.583890	-26.451584	0.546420	-0.232896	-0.804478	689.072144	
241	0.242054	0.964492	-0.105673	-188.246704	0.796460	-0.135312	0.589359	-26.998428	0.554134	-0.226820	-0.800931	690.596497	
242	0.252479	0.962157	-0.102516	-193.897919	0.790457	-0.143990	0.595355	-24.112345	0.558065	-0.231348	-0.796896	683.840759	
243	0.244333	0.964239	-0.102699	-202.665894	0.792415	-0.137499	0.594286	-21.828091	0.558913	-0.226583	-0.797670	685.526855	
244	0.229973	0.967744	-0.102888	-208.728134	0.796857	-0.126557	0.590767	-18.204046	0.558690	-0.217847	-0.800256	684.064575	
245	0.232439	0.967417	-0.100393	-215.075287	0.790179	-0.127649	0.599438	-14.655668	0.567092	-0.218660	-0.794100	686.532959	
246	0.224352	0.970198	-0.091563	-220.757324	0.791948	-0.126765	0.597287	-8.975152	0.567880	-0.206515	-0.796784	689.427490	
247	0.219397	0.969328	-0.110772	-226.546265	0.790086	-0.109912	0.603065	-3.849252	0.572393	-0.219829	-0.789964	693.439270	
248	0.221644	0.965669	-0.135500	-232.348679	0.787100	-0.095143	0.609445	1.251933	0.575631	-0.241731	-0.781164	694.980896	
249	0.212954	0.965033	-0.152855	-240.747650	0.786051	-0.076294	0.613438	5.033563	0.580326	-0.250785	-0.774809	698.261353	
250	0.212636	0.962945	-0.165904	-247.802429	0.788342	-0.068746	0.611387	7.606084	0.577327	-0.260791	-0.773746	700.575989	
251	0.215780	0.964001	-0.155380	-252.799561	0.797099	-0.081994	0.598258	9.372668	0.563982	-0.252944	-0.786094	698.565918	
252	0.229398	0.959293	-0.164731	-254.295776	0.791552	-0.085377	0.605111	9.777696	0.566414	-0.269203	-0.778913	694.280823	
253	0.220158	0.958509	-0.181091	-255.276611	0.791156	-0.066860	0.607952	8.284126	0.570620	-0.277115	-0.773046	693.665344	
254	0.225575	0.941513	-0.250341	-255.268509	0.761839	-0.010313	0.647687	5.822072	0.607224	-0.336821	-0.719605	693.516052	
255	0.232305	0.938797	-0.254356	-252.070633	0.744061	-0.003103	0.668106	1.666378	0.626427	-0.344460	-0.699240	693.684082	
256	0.233415	0.941012	-0.244982	-243.794296	0.759478	-0.019100	0.650254	-4.776042	0.607219	-0.337836	-0.719133	688.623596	
257	0.220884	0.929806	-0.294404	-236.230179	0.752522	0.029544	0.657906	-11.956912	0.620423	-0.366866	-0.693171	687.746277	
258	0.225805	0.924669	-0.306597	-230.162628	0.760219	0.029544	0.648996	-15.950080	0.609165	-0.379627	-0.696277	688.264221	
259	0.235332	0.915221	-0.327097	-225.130951	0.766207	0.032354	0.641780	-18.801245	0.597954	-0.401655	-0.693632	688.138367	
260	0.229512	0.916592	-0.327391	-220.644211	0.769164	0.035313	0.638076	-21.525291	0.596418	-0.398263	-0.696903	685.986206	
261	0.223976	0.907858	-0.354444	-216.257172	0.761934	0.063656	0.644519	-22.912367	0.607695	-0.414419	-0.677469	686.475647	
262	0.233161	0.897771	-0.373693	-211.345062	0.759576	0.071808	0.646444	-24.172075	0.607193	-0.434573	-0.665180	687.250366	
263	0.232163	0.887545	-0.397952	-205.507858	0.764695	0.086298	0.638589	-25.424057	0.601120	-0.452568	-0.658663	686.899841	
264	0.237120	0.889915	-0.389650	-199.013077	0.768175	0.073780	0.635976	-26.009338	0.594714	-0.450121	-0.666113	687.704712	
265	0.253232	0.874958	-0.412703	-191.626434	0.759806	0.084179	0.644678	-25.197634	0.598808	-0.476827	-0.643479	691.387756	
266	0.254745	0.870257	-0.421616	-183.487274	0.756109	0.092544	0.647870	-24.688183	0.602832	-0.483829	-0.634431	697.324341	
267	0.267323	0.861711	-0.431270	-173.638687	0.749930	0.094999	0.654661	-24.875555	0.605100	-0.498428	-0.620826	699.909546	
268	0.271235	0.841384	-0.467447	-163.329239	0.746023	0.123096	0.654446	-27.579445	0.608182	-0.526234	-0.594301	698.154724	
269	0.271354	0.839028	-0.471594	-154.645126	0.742456	0.129324	0.657294	-33.135418	0.612478	-0.528497	-0.587846	699.565491	
270	0.271889	0.832933	-0.481977	-145.905838	0.740869	0.138465	0.657223	-38.335564	0.614161	-0.535772	-0.579444	697.314209	
271	0.283943	0.830040	-0.480013	-137.006638	0.744416	0.124696	0.655971	-42.337715	0.604339	-0.543586	-0.582486	695.537598	
272	0.287846	0.837598	-0.464302	-129.391678	0.752029	0.102490	0.651115	-45.983208	0.592960	-0.536589	-0.600393	699.143982	
273	0.277175	0.830587	-0.483013	-122.270195	0.748128	0.128874	0.650921	-49.011242	0.602895	-0.541774	-0.585662	701.675781	
274	0.270499	0.810280	-0.519884	-114.720207	0.739139	0.171215	0.651430	-51.183792	0.616853	-0.560476	-0.552593	702.145081	
275	0.280326	0.793837	-0.539669	-107.811119	0.744314	0.175258	0.644425	-52.400139	0.606150	-0.582331	-0.541731	701.661621	
276	0.283425	0.783352	-0.553202	-100.986931	0.745617	0.182774	0.640821	-53.092766	0.603100	-0.594100	-0.532275	704.655640	
277	0.301833	0.768871	-0.563682	-90.494804	0.746234	0.177431	0.641603	-53.276798	0.593325	-0.614295	-0.520200	706.744446	
278	0.303831	0.765606	-0.567042	-77.678787	0.750133	0.174690	0.637798	-54.265415	0.587359	-0.619138	-0.521227	710.289001	
279	0.320915	0.720713	-0.614482	-66.021179	0.756005	0.195882	0.624571	-58.030914	0.570503	-0.664985	-0.481998	707.304504	
280	0.299427	0.681280	-0.667985	-56.537060	0.783081	0.224500	0.579987	-58.832550	0.545097	-0.696749	-0.466273	693.421265	
281	0.307029	0.666300	-0.679544	-53.903404	0.786055	0.224992	0.575759	-59.174393	0.536521	-0.710932	-0.454666	695.442383	
282	0.303753	0.657446	-0.689566	-53.317745	0.780607	0.243230	0.575755	-59.232159	0.546252	-0.713167	-0.439322	706.142029	
283	0.292361	0.650579	-0.700909	-53.623066	0.785420	0.254781	0.564096	-57.929581	0.545569	-0.715427	-0.436487	713.640381	
284	0.279954	0.643871	-0.712080	-55.261215	0.789297	0.267855	0.552508	-54.840313	0.546479	-0.716720	-0.433215	720.950378	
285	0.295746	0.619401	-0.727240	-57.079208	0.790432	0.268829	0.550409	-50.662067	0.536428	-0.737615	-0.410087	723.449768	
286	0.297174	0.617026	-0.728675	-59.645374	0.792310	0.266536	0.548822	-46.638729	0.532857	-0.740432	-0.409665	725.671509	
287	0.289528	0.604770	-0.741909	-61.460320	0.789192	0.287770	0.542555	-42.547497	0.541622	-0.742593	-0.393959	731.610962	
288	0.292294	0.607526	-0.738565	-62.795967	0.781969	0.292760	0.550289	-38.539146	0.550539	-0.738380	-0.389492	738.448975	
289	0.303945	0.592952	-0.745672	-65.399628	0.783568	0.289606	0.549683	-34.513100	0.541888	-0.751358	-0.376591	743.939392	
290	0.278601	0.630381	-0.724571	-70.768578	0.788261	0.280909	0.547482	-32.589474	0.548662	-0.723680	-0.418640	753.577820	
291	0.291013	0.614969	-0.732890	-76.256119	0.781705	0.288817	0.552742	-33.611469	0.551591	-0.733757	-0.396672	759.801147	
292	0.291387	0.609719	-0.737116	-80.736687	0.775964	0.299984	0.554880	-36.333675	0.559444	-0.733659	-0.385706	761.061279	
293	0.294058	0.594032	-0.748771	-83.497688	0.771613	0.314772	0.552750	-39.075100	0.564045	-0.740302	-0.365799	758.724182	
294	0.282430	0.592717	-0.754269	-85.500023	0.763371	0.337308	0.550899	-40.579113	0.580950	-0.731377	-0.357194	760.780762	
295	0.287724	0.585001	-0.758282	-88.440536	0.766639	0.333856	0.548458	-41.066238	0.574006	-0.739132	-0.352424	760.412231	
296	0.290022	0.575485	-0.764661	-92.034637	0.774765	0.327860	0.540600	-40.517719	0.561810	-0.749218	-0.350776	758.214844	
297	0.284544	0.573052	-0.768537	-95.787666	0.771033	0.339599	0.538686	-39.870369	0.569691	-0.745846	-0.345208	759.313599	
298	0.278796	0.570644	-0.772425	-97.616112	0.758980	0.361881	0.541289	-37.784912	0.588411	-0.737163	-0.332213	760.235657	
299	0.271040	0.566195	-0.778436	-97.338669	0.741612	0.392719	0.543861	-34.339733	0.613639	-0.724705	-0.313452	759.322876	
300	0.274455	0.556432	-0.784258	-96.015594	0.749620	0.387021	0.536924	-29.050610	0.602286	-0.735255	-0.310889	758.578064	
301	0.271865	0.547374	-0.791501	-93.831055	0.753410	0.390644	0.528935	-23.428322	0.598722	-0.740122	-0.306192	758.627808	
302	0.273166	0.536777	-0.798282	-91.455994	0.756262	0.393030	0.523066	-19.637470	0.594519	-0.746592	-0.298578	760.316711	
303	0.272704	0.534658	-0.799860	-90.271500	0.756980	0.393892	0.521376	-17.656487	0.593817	-0.747658	-0.297306	763.163391	
304	0.264747	0.538956	-0.799648	-89.279411	0.750034	0.406113	0.522037	-17.331499	0.606103	-0.737970	-0.296715	762.288391	
305	0.248196	0.550850	-0.796847	-88.080658	0.735488	0.428188	0.525085	-17.383816	0.630444	-0.716394	-0.298866	764.461304	
306	0.262272	0.532589	-0.804713	-86.661522	0.739781	0.424488	0.522050	-16.875462	0.619630	-0.732229	-0.282665	761.647827	
307	0.265405	0.520996	-0.811249	-85.014603	0.743647	0.424916	0.516176	-16.897955	0.613639	-0.740277	-0.274660	757.195801	
308	0.266960	0.511284	-0.816898	-84.647240	0.748628	0.423769	0.509880	-17.735588	0.606870	-0.747669	-0.269629	756.127136	
309	0.262866	0.504579	-0.822377	-86.006157	0.753559	0.424925	0.501587	-18.313728	0.602540	-0.751558	-0.268529	750.857239	
310	0.257691	0.502317	-0.825394	-88.061401	0.738659	0.448275	0.503422	-18.153294	0.622882	-0.739410	-0.255522	747.685181	
311	0.267754	0.492440	-0.828138	-91.727585	0.766671	0.411684	0.492681	-17.093063	0.583548	-0.766825	-0.267306	740.702942	
312	0.274329	0.480148	-0.833189	-97.172173	0.778171	0.398197	0.485685	-15.351084	0.564975	-0.781600	-0.264398	731.908997	
313	0.311179	0.446948	-0.838694	-101.051537	0.781054	0.382484	0.493621	-10.917606	0.541411	-0.808669	-0.230067	715.914978	
314	0.333402	0.420839	-0.843647	-104.800743	0.781440	0.377270	0.497012	-5.057574	0.527445	-0.824962	-0.203076	707.485657	
315	0.344938	0.398298	-0.849928	-107.000610	0.787379	0.370119	0.492999	1.181897	0.510936	-0.839268	-0.185941	699.776611	
316	0.342037	0.385550	-0.856951	-110.118248	0.797729	0.362838	0.481642	7.347346	0.496632	-0.848352	-0.183459	698.253906	
317	0.331171	0.384614	-0.861627	-113.045967	0.807353	0.357130	0.469725	12.022400	0.488376	-0.851194	-0.192245	696.655396	
318	0.320745	0.385051	-0.865368	-116.448975	0.812311	0.358041	0.460391	16.220415	0.487112	-0.850614	-0.197939	696.832703	
319	0.314394	0.383877	-0.868215	-120.655357	0.822034	0.347337	0.451243	19.166483	0.474785	-0.855568	-0.206357	693.112732	
320	0.304409	0.385650	-0.870984	-126.271812	0.827789	0.345294	0.442199	21.143822	0.471279	-0.855598	-0.214124	690.250793	
321	0.296030	0.391182	-0.871404	-132.327255	0.827930	0.349871	0.438320	21.802624	0.476342	-0.851216	-0.220296	690.280396	
322	0.293667	0.390948	-0.872308	-136.991074	0.831323	0.346017	0.434945	23.161880	0.471875	-0.852897	-0.223388	684.554810	
323	0.284430	0.396635	-0.872801	-142.918030	0.823178	0.365611	0.434406	26.798271	0.491407	-0.842028	-0.222508	687.455688	
324	0.265575	0.403024	-0.875811	-145.238205	0.799917	0.414968	0.433517	32.077293	0.538152	-0.815705	-0.212178	692.176392	
325	0.264187	0.408066	-0.873893	-144.614670	0.787826	0.431376	0.439599	38.458412	0.556363	-0.804611	-0.207518	691.682007	
326	0.278366	0.388622	-0.878343	-143.870468	0.795385	0.419354	0.437617	44.784988	0.538405	-0.820437	-0.192368	694.762024	
327	0.298936	0.369701	-0.879750	-144.161407	0.807852	0.392681	0.439522	48.910477	0.507953	-0.842095	-0.181275	697.325623	
328	0.312353	0.363166	-0.877809	-144.832336	0.809749	0.381393	0.445924	48.822739	0.496735	-0.850089	-0.174941	698.649780	
329	0.308261	0.357652	-0.881511	-145.413055	0.806341	0.393448	0.441605	45.990097	0.504770	-0.846927	-0.167103	699.736633	
330	0.312575	0.350751	-0.882764	-143.470215	0.817660	0.373640	0.437981	41.819336	0.483459	-0.858702	-0.170002	694.493042	
331	0.321536	0.331422	-0.887004	-138.856506	0.828895	0.354344	0.432868	35.796131	0.457767	-0.874415	-0.160778	685.886047	
332	0.324501	0.305649	-0.895142	-132.776794	0.845334	0.330897	0.419429	30.377571	0.424398	-0.892798	-0.150997	679.118103	
333	0.328175	0.282773	-0.901300	-124.484711	0.854292	0.318319	0.410927	25.058613	0.403101	-0.904828	-0.137104	672.745483	
334	0.321455	0.263175	-0.909619	-114.687134	0.868489	0.300866	0.393966	19.762150	0.377356	-0.916635	-0.131848	667.648315	
335	0.319457	0.237387	-0.917385	-103.930351	0.868387	0.314154	0.383686	16.975357	0.379283	-0.919215	-0.105783	667.155823	
336	0.306927	0.217394	-0.926573	-94.168777	0.877425	0.312503	0.363965	15.728226	0.368681	-0.924707	-0.094829	672.418701	
337	0.288497	0.190488	-0.938341	-87.416245	0.884782	0.321542	0.337304	13.759092	0.365969	-0.927538	-0.075774	682.083801	
338	0.283388	0.164523	-0.944788	-85.484612	0.867679	0.375603	0.325665	13.152328	0.408445	-0.912062	-0.036310	703.848938	
339	0.283470	0.138803	-0.948883	-85.109886	0.854778	0.411994	0.315623	13.744726	0.434744	-0.900553	-0.001856	718.151917	
340	0.282136	0.113238	-0.952668	-86.631966	0.838000	0.454360	0.302182	14.540158	0.467074	-0.883592	0.033300	733.865723	
341	0.287541	0.092627	-0.953279	-87.399643	0.824755	0.482072	0.295614	14.827672	0.486932	-0.871222	0.062223	747.743225	
342	0.289877	0.075878	-0.954051	-87.551559	0.816646	0.500199	0.287909	11.511631	0.499062	-0.862581	0.083033	755.949890	
343	0.291110	0.060421	-0.954780	-88.017792	0.813742	0.509158	0.280328	7.072004	0.503072	-0.858551	0.099056	762.073914	
344	0.290692	0.044729	-0.955771	-87.588531	0.813756	0.513872	0.271547	3.162700	0.503290	-0.856701	0.112981	765.379150	
345	0.296629	0.028488	-0.954568	-87.381844	0.805022	0.530277	0.265982	-0.894706	0.513764	-0.847346	0.134363	773.078064	
346	0.290887	0.013536	-0.956662	-87.236786	0.816600	0.517517	0.255620	-5.355404	0.498549	-0.855567	0.139487	774.951599	
347	0.292126	-0.000338	-0.956380	-88.083328	0.804740	0.540432	0.245615	-10.728998	0.516776	-0.841388	0.158148	782.480774	
348	0.294859	-0.011626	-0.955470	-88.601685	0.797616	0.553619	0.239407	-17.038137	0.526184	-0.832690	0.172514	787.750916	
349	0.292239	-0.024728	-0.956025	-88.452927	0.794486	0.562736	0.228303	-23.380648	0.532345	-0.826268	0.184101	791.585938	
350	0.287499	-0.034111	-0.957173	-87.386734	0.794195	0.567085	0.218336	-30.279522	0.535351	-0.822954	0.190129	791.325317	
351	0.290628	-0.043245	-0.955858	-85.088730	0.798320	0.561657	0.217317	-36.750725	0.527468	-0.826240	0.197758	788.598877	
352	0.296523	-0.048012	-0.953818	-83.232719	0.790189	0.573237	0.216798	-41.153534	0.536356	-0.817982	0.207918	790.539062	
353	0.295994	-0.051173	-0.953818	-80.558281	0.793035	0.569775	0.215529	-43.405193	0.532434	-0.820206	0.209233	787.632568	
354	0.289229	-0.060601	-0.955340	-78.119133	0.804503	0.556234	0.208278	-46.008083	0.518771	-0.828814	0.209634	785.738953	
355	0.292349	-0.069962	-0.953749	-75.867638	0.794004	0.573615	0.201304	-48.409695	0.533003	-0.816132	0.223247	788.653809	
356	0.302226	-0.074737	-0.950302	-72.481537	0.791011	0.575983	0.206267	-51.165283	0.531942	-0.814039	0.233197	785.671265	
357	0.298068	-0.091973	-0.950103	-69.354950	0.790439	0.581785	0.191658	-53.987938	0.535130	-0.808126	0.246112	786.017151	
358	0.290362	-0.106816	-0.950936	-67.659355	0.792138	0.584345	0.176235	-57.048885	0.536852	-0.804445	0.254286	785.488281	
359	0.296350	-0.116537	-0.947943	-67.728302	0.786524	0.592832	0.173005	-59.887714	0.541811	-0.796850	0.267346	782.439941	
360	0.284125	-0.116034	-0.951740	-68.623520	0.795505	0.582638	0.166449	-59.528141	0.535207	-0.804407	0.257849	773.193665	
361	0.274739	-0.119781	-0.954028	-70.353500	0.792691	0.589792	0.154226	-57.888382	0.544207	-0.798623	0.256990	771.254700	
362	0.272951	-0.131345	-0.953019	-72.914795	0.791818	0.593292	0.145013	-57.546894	0.546373	-0.794200	0.265943	770.731201	
363	0.263951	-0.134210	-0.955153	-74.856758	0.794291	0.592050	0.136307	-56.023975	0.547206	-0.794648	0.262875	765.852234	
364	0.257777	-0.148683	-0.954696	-77.505447	0.797667	0.590331	0.123439	-55.393837	0.545235	-0.793349	0.270774	764.238525	
365	0.254981	-0.149068	-0.955386	-81.031418	0.800249	0.587135	0.121965	-55.612019	0.542761	-0.795646	0.269001	757.618774	
366	0.247897	-0.159979	-0.955486	-86.893806	0.806488	0.580539	0.112038	-55.087669	0.536775	-0.798362	0.272936	752.080688	
367	0.248438	-0.154742	-0.956207	-93.693802	0.803089	0.584851	0.114009	-53.335922	0.541598	-0.796245	0.269572	748.267090	
368	0.250819	-0.146138	-0.956939	-99.565430	0.790697	0.601228	0.115428	-49.953804	0.558472	-0.785601	0.266352	749.698730	
369	0.255054	-0.137568	-0.957090	-103.399490	0.787928	0.603307	0.123256	-47.361526	0.560464	-0.785556	0.262271	751.091003	
370	0.252921	-0.130672	-0.958621	-104.101501	0.793642	0.594697	0.128327	-44.881622	0.553322	-0.793260	0.254120	746.759521	
371	0.255944	-0.145165	-0.955729	-104.162308	0.786442	0.606184	0.118534	-43.206825	0.562143	-0.781965	0.269315	747.410156	
372	0.250906	-0.134585	-0.958609	-101.811844	0.789885	0.600922	0.122376	-41.658302	0.559581	-0.787897	0.257083	743.295532	
373	0.250263	-0.130522	-0.959339	-98.308685	0.784289	0.608316	0.121833	-39.583935	0.567681	-0.782890	0.254608	740.116089	
374	0.257896	-0.145533	-0.955149	-94.776527	0.786580	0.605699	0.120091	-37.695011	0.561057	-0.782272	0.270682	741.960815	
375	0.251699	-0.147033	-0.956571	-91.373901	0.800911	0.586516	0.120588	-36.415035	0.543315	-0.796481	0.265387	739.261292	
376	0.248419	-0.156052	-0.956000	-88.192825	0.798210	0.592110	0.110763	-36.071609	0.548773	-0.790604	0.271654	738.072632	
377	0.254007	-0.168640	-0.952387	-84.168648	0.793517	0.599333	0.105510	-37.258301	0.553005	-0.782536	0.286054	737.355103	
378	0.246953	-0.168628	-0.954242	-79.346199	0.799363	0.592087	0.102240	-38.975067	0.547755	-0.788035	0.281014	733.967773	
379	0.245912	-0.179724	-0.952484	-74.053131	0.794816	0.599833	0.092022	-39.494568	0.554795	-0.779680	0.290356	734.426819	
380	0.243857	-0.185980	-0.951811	-68.103752	0.796213	0.598729	0.087002	-39.395695	0.553697	-0.779062	0.294085	731.168030	
381	0.254715	-0.194920	-0.947167	-63.215233	0.795490	0.599153	0.090623	-40.125252	0.549835	-0.776546	0.307672	730.748474	
382	0.254764	-0.193616	-0.947421	-58.116806	0.796264	0.597926	0.091923	-40.904911	0.548692	-0.777816	0.306501	727.968628	
383	0.260540	-0.210936	-0.942138	-52.726826	0.792891	0.603527	0.084141	-43.089142	0.550859	-0.768936	0.324493	727.834412	
384	0.276266	-0.219540	-0.935670	-46.223572	0.784309	0.614175	0.087468	-47.407787	0.555464	-0.758019	0.341864	724.638184	
385	0.278093	-0.214814	-0.936226	-39.293892	0.782976	0.615303	0.091392	-51.420025	0.556432	-0.758458	0.339306	721.094055	
386	0.279980	-0.216769	-0.935212	-30.753935	0.788468	0.607664	0.095200	-53.684875	0.547660	-0.764039	0.341051	716.664978	
387	0.283224	-0.236583	-0.929414	-21.649071	0.790520	0.606288	0.086566	-57.192966	0.543015	-0.759239	0.358740	713.512573	
388	0.289671	-0.253414	-0.922968	-12.258109	0.785915	0.613364	0.078248	-61.442307	0.546288	-0.748042	0.376837	712.329041	
389	0.302596	-0.245372	-0.920992	-3.942702	0.769764	0.632734	0.084334	-62.678215	0.562052	-0.734467	0.380342	712.344666	
390	0.301513	-0.248625	-0.920475	2.991518	0.770561	0.632113	0.081669	-60.947445	0.561541	-0.733907	0.382172	712.851685	
391	0.295233	-0.262354	-0.918698	5.993614	0.778988	0.622838	0.072470	-61.501396	0.553189	-0.737051	0.388254	716.138916	
392	0.289520	-0.253097	-0.923102	5.931439	0.778491	0.623369	0.073247	-62.351429	0.556896	-0.739834	0.377512	712.004028	
393	0.287478	-0.244326	-0.926099	6.367256	0.776988	0.624871	0.076335	-59.656857	0.560044	-0.741513	0.369476	704.063354	
394	0.293589	-0.245658	-0.923827	7.349960	0.777083	0.624169	0.080978	-54.069267	0.556733	-0.741664	0.374147	701.720764	
395	0.283997	-0.226504	-0.931687	9.076571	0.779934	0.619779	0.087062	-47.452457	0.557721	-0.751380	0.352674	696.740479	
396	0.285574	-0.235850	-0.928881	11.966611	0.783444	0.615688	0.084532	-40.540382	0.551966	-0.751867	0.360601	698.860962	
397	0.281533	-0.234307	-0.930504	13.629069	0.787603	0.610348	0.084606	-33.660053	0.548109	-0.756688	0.356375	696.053223	
398	0.262039	-0.227638	-0.937824	12.931900	0.802660	0.590936	0.080834	-25.792671	0.535794	-0.773936	0.337566	688.094604	
399	0.259484	-0.237079	-0.936195	12.095906	0.812621	0.577413	0.079010	-21.372614	0.521840	-0.781274	0.342486	692.272949	
400	0.247083	-0.229140	-0.941512	11.533579	0.811133	0.580464	0.071596	-17.777754	0.530109	-0.781382	0.329287	688.374878	
401	0.244872	-0.203744	-0.947906	11.069355	0.805288	0.587213	0.081812	-14.851116	0.539955	-0.783371	0.307866	683.167114	
402	0.236461	-0.170954	-0.956483	12.560975	0.802249	0.589713	0.092930	-7.783710	0.548166	-0.789312	0.276593	675.084534	
403	0.233460	-0.173737	-0.956719	16.245569	0.824687	0.556653	0.100154	0.141948	0.515162	-0.812375	0.273236	676.954773	
404	0.237061	-0.152091	-0.959515	19.104790	0.824582	0.553734	0.115951	3.225034	0.513683	-0.818687	0.256682	672.012451	
405	0.239203	-0.147168	-0.959751	23.003880	0.836770	0.532654	0.126874	6.117744	0.492545	-0.833440	0.250559	671.188416	
406	0.237351	-0.134057	-0.962129	27.410612	0.835361	0.533690	0.131716	7.947184	0.495823	-0.834988	0.238659	666.807068	
407	0.224235	-0.116456	-0.967551	31.305378	0.819729	0.559470	0.122637	11.993454	0.527036	-0.820629	0.220916	660.618103	
408	0.211264	-0.139224	-0.967462	33.859787	0.840952	0.530363	0.107314	15.740872	0.498167	-0.836261	0.229129	667.190918	
409	0.209215	-0.134835	-0.968528	35.022522	0.853544	0.508491	0.113586	14.164541	0.477174	-0.850445	0.221473	666.252563	
410	0.205353	-0.125515	-0.970605	36.373238	0.853487	0.508304	0.114841	10.711233	0.478950	-0.851983	0.211508	662.519775	
411	0.194881	-0.111897	-0.974422	38.984062	0.857385	0.501930	0.113835	10.512195	0.476356	-0.857640	0.193758	658.482422	
412	0.179056	-0.082982	-0.980332	42.171051	0.871497	0.475769	0.118904	12.055833	0.456546	-0.875648	0.157509	645.349548	
413	0.177413	-0.087891	-0.980203	47.017982	0.868027	0.483308	0.113772	15.172607	0.463742	-0.871028	0.162038	645.887207	
414	0.154657	-0.091344	-0.983736	50.995110	0.905212	0.412029	0.104053	17.764868	0.395824	-0.906582	0.146410	633.830139	
415	0.155268	-0.094989	-0.983294	55.923634	0.911850	0.396695	0.105665	19.318111	0.380032	-0.913023	0.148211	634.258972	
416	0.145475	-0.096803	-0.984614	60.192791	0.920791	0.377300	0.098950	18.512560	0.361918	-0.921018	0.144025	632.897278	
417	0.149936	-0.100209	-0.983603	64.296082	0.923355	0.369859	0.103070	16.506428	0.353467	-0.923669	0.147985	630.335938	
418	0.140470	-0.093808	-0.985630	69.301842	0.925222	0.366836	0.096947	14.978587	0.352471	-0.925545	0.138325	630.970825	
419	0.151703	-0.106810	-0.982637	75.647896	0.921579	0.374677	0.101549	11.619154	0.357327	-0.920983	0.155275	631.151855	
420	0.158674	-0.113985	-0.980728	81.394325	0.890316	0.445911	0.092220	13.016901	0.426807	-0.887791	0.172239	640.610413	
421	0.162690	-0.112150	-0.980282	83.247803	0.878735	0.468312	0.092259	17.864916	0.448732	-0.876418	0.174742	642.457642	
422	0.142391	-0.125704	-0.981795	82.690369	0.902405	0.424032	0.076586	22.430563	0.406686	-0.896882	0.173816	643.087097	
423	0.122487	-0.106765	-0.986710	77.339394	0.924452	0.373997	0.074291	21.041203	0.361096	-0.921265	0.144510	638.101440	
424	0.138684	-0.102788	-0.984987	71.250687	0.923990	0.371351	0.091343	16.714064	0.356388	-0.922786	0.146477	638.374512	
425	0.150677	-0.090476	-0.984433	67.465675	0.899716	0.425191	0.098632	13.598408	0.409649	-0.900571	0.145470	647.307678	
426	0.141612	-0.079353	-0.986735	63.037704	0.896042	0.433974	0.093696	13.760827	0.420783	-0.897425	0.132561	645.840637	
427	0.132895	-0.064343	-0.989038	58.329292	0.894149	0.438297	0.091631	15.933916	0.427598	-0.896525	0.115781	644.057373	
428	0.142544	-0.048261	-0.988610	55.314011	0.867315	0.487355	0.101263	19.297560	0.476918	-0.871870	0.111328	649.500732	
429	0.132937	-0.029287	-0.990690	51.829952	0.901396	0.419170	0.108562	21.637960	0.412089	-0.907436	0.082124	645.560669	
430	0.133956	-0.005233	-0.990972	49.771984	0.894001	0.432098	0.118565	20.315323	0.427577	-0.901813	0.062562	649.514221	
431	0.135649	0.017507	-0.990601	46.314751	0.897228	0.421903	0.130318	18.716284	0.420220	-0.906473	0.041525	643.050842	
432	0.142756	0.043063	-0.988819	43.015652	0.884485	0.442818	0.146977	21.589359	0.444197	-0.895578	0.025128	647.486633	
433	0.154941	0.061878	-0.985983	41.722668	0.887708	0.429275	0.166437	23.755342	0.433557	-0.901053	0.011585	653.367615	
434	0.171116	0.076457	-0.982278	43.111629	0.884709	0.426845	0.187342	21.415821	0.433605	-0.901088	0.005400	653.874878	
435	0.189600	0.087758	-0.977930	45.962173	0.876174	0.434399	0.208853	20.414532	0.443142	-0.896436	0.005473	654.160583	
436	0.200046	0.098888	-0.974782	49.115147	0.881500	0.416150	0.223118	19.711580	0.427720	-0.903904	-0.003919	654.085449	
437	0.211183	0.118207	-0.970271	53.018852	0.870392	0.428956	0.241701	17.398397	0.444775	-0.895559	-0.012296	659.370422	
438	0.191413	0.153608	-0.969414	55.252350	0.860508	0.448817	0.241025	14.549952	0.472114	-0.880323	-0.046270	666.230957	
439	0.185679	0.184355	-0.965160	57.913197	0.830951	0.494794	0.254368	15.144859	0.524450	-0.849232	-0.061315	673.277649	
440	0.186341	0.198163	-0.962292	61.074230	0.829088	0.493812	0.262235	16.279213	0.527157	-0.846690	-0.072275	677.017395	
441	0.180237	0.216064	-0.959598	64.450562	0.820618	0.504848	0.267804	17.018070	0.542315	-0.835732	-0.086311	682.077332	
442	0.169616	0.238955	-0.956101	66.688873	0.799564	0.533795	0.275253	18.163403	0.576136	-0.811151	-0.100517	685.483765	
443	0.170559	0.245347	-0.954312	67.393860	0.819444	0.502526	0.275649	19.660330	0.547197	-0.829020	-0.115335	684.950195	
444	0.170927	0.256907	-0.951200	68.458336	0.814050	0.507057	0.283229	21.435532	0.555077	-0.822736	-0.122463	687.587769	
445	0.166972	0.268277	-0.948760	69.661697	0.809473	0.512093	0.287259	22.852526	0.562920	-0.815960	-0.131655	690.565369	
446	0.163680	0.282609	-0.945166	69.964813	0.806103	0.513991	0.293281	24.316624	0.568692	-0.809906	-0.143679	694.799622	
447	0.165231	0.293337	-0.941621	70.128410	0.819509	0.490367	0.296562	25.468704	0.548734	-0.820668	-0.159366	700.058594	
448	0.171408	0.306796	-0.936212	70.672195	0.827694	0.470579	0.305746	25.431946	0.534365	-0.827305	-0.173269	702.290710	
449	0.171059	0.321500	-0.931329	72.211380	0.824661	0.470538	0.313898	26.888887	0.539146	-0.821726	-0.184636	704.447327	
450	0.177148	0.338715	-0.924061	76.408844	0.826666	0.458307	0.326468	28.131350	0.534085	-0.821723	-0.198813	713.533508	
451	0.181773	0.363901	-0.913528	81.387070	0.818773	0.458483	0.345553	22.214025	0.544586	-0.810784	-0.214609	718.509766	
452	0.199580	0.386010	-0.900646	84.643417	0.806801	0.456889	0.374602	12.149750	0.556097	-0.801405	-0.220244	718.358887	
453	0.198871	0.402057	-0.893756	86.562927	0.812516	0.442278	0.379751	6.299236	0.547972	-0.801712	-0.238718	722.210693	
454	0.196050	0.408998	-0.891226	89.630440	0.810246	0.444362	0.382159	2.832072	0.552331	-0.797035	-0.244268	727.646118	
455	0.198309	0.430212	-0.880676	92.089890	0.806110	0.439535	0.396231	-2.609889	0.557553	-0.788498	-0.259631	730.076233	
456	0.197729	0.426830	-0.882450	93.857185	0.813377	0.430997	0.390718	-6.854147	0.547105	-0.795021	-0.261950	728.924988	
457	0.193967	0.441553	-0.876018	95.801483	0.817060	0.421514	0.393372	-10.687114	0.542950	-0.792060	-0.279012	730.107361	
458	0.187200	0.450390	-0.872986	96.224731	0.821865	0.414957	0.390321	-13.396102	0.538050	-0.790545	-0.292477	727.275513	
459	0.185302	0.444107	-0.876602	95.610115	0.820323	0.421243	0.386816	-10.598748	0.541052	-0.790775	-0.286251	720.847839	
460	0.177382	0.461306	-0.869328	96.304665	0.820648	0.418235	0.389382	-3.411861	0.543210	-0.782482	-0.304379	720.878601	
461	0.175509	0.471310	-0.864328	97.752602	0.838143	0.389031	0.382325	2.826573	0.516446	-0.791532	-0.326744	725.144348	
462	0.174115	0.494214	-0.851725	98.868820	0.845501	0.368356	0.386579	5.540221	0.504792	-0.787444	-0.353719	725.202454	
463	0.169294	0.521366	-0.836371	97.950806	0.846956	0.357001	0.393978	7.356342	0.503993	-0.775067	-0.381133	724.495361	
464	0.170656	0.535823	-0.826903	94.790955	0.838064	0.362420	0.407802	10.719466	0.518197	-0.762592	-0.387202	719.956421	
465	0.172118	0.558941	-0.811147	91.784821	0.844664	0.339962	0.413487	13.225671	0.506876	-0.756315	-0.413600	720.895569	
466	0.175173	0.577746	-0.797197	87.671196	0.836499	0.339684	0.429984	13.275091	0.519218	-0.742176	-0.423777	718.472595	
467	0.170804	0.613760	-0.770794	83.813171	0.842256	0.315006	0.437468	13.180187	0.511307	-0.723927	-0.463135	715.441833	
468	0.169440	0.646517	-0.743845	80.932899	0.848160	0.288724	0.444145	12.229343	0.501915	-0.706156	-0.499424	712.528320	
469	0.175730	0.666326	-0.724657	77.733116	0.846830	0.273051	0.456427	10.610501	0.501999	-0.693869	-0.516277	707.915649	
470	0.180250	0.688434	-0.702545	74.459023	0.839798	0.264150	0.474307	11.238875	0.512107	-0.675489	-0.530528	701.786865	
471	0.180910	0.717462	-0.672696	73.129471	0.840880	0.241913	0.484150	13.146015	0.510095	-0.653244	-0.559530	698.914062	
472	0.191425	0.741167	-0.643450	73.790695	0.844495	0.209716	0.492798	14.882311	0.500188	-0.637724	-0.585763	695.249207	
473	0.193115	0.739690	-0.644643	74.554367	0.831608	0.225282	0.507620	14.585119	0.520709	-0.634120	-0.571623	691.043030	
474	0.196501	0.767591	-0.610075	74.354950	0.832372	0.198257	0.517546	12.374628	0.518217	-0.609507	-0.599959	685.114319	
475	0.202131	0.776649	-0.596624	73.004578	0.830327	0.187142	0.524916	10.044370	0.519330	-0.601495	-0.607041	678.857666	
476	0.185996	0.799476	-0.571178	71.682808	0.831053	0.182122	0.525534	9.167965	0.524177	-0.572426	-0.630528	676.489197	
477	0.187280	0.810485	-0.555014	70.367615	0.835237	0.165997	0.524239	8.041800	0.517021	-0.561747	-0.645854	677.925720	
478	0.185565	0.821113	-0.539759	67.422737	0.828496	0.164618	0.535255	6.336629	0.528360	-0.546512	-0.649737	673.892761	
479	0.173141	0.827990	-0.533344	64.884926	0.825870	0.172995	0.536669	5.107470	0.536624	-0.533391	-0.653855	670.367432	
480	0.179578	0.836470	-0.517757	61.671455	0.824486	0.159132	0.543049	5.074787	0.536637	-0.524402	-0.661076	669.220032	
481	0.170595	0.848286	-0.501308	57.820896	0.823332	0.156783	0.545478	7.849179	0.541319	-0.505798	-0.671670	663.361267	
482	0.118606	0.860937	-0.494694	53.041298	0.829118	0.188261	0.526424	14.247856	0.546351	-0.472596	-0.691485	644.914551	
483	0.156147	0.815748	-0.556933	48.591221	0.792670	0.232922	0.563404	19.404619	0.589319	-0.529437	-0.610245	632.476196	
484	0.119451	0.856095	-0.502826	48.688732	0.809498	0.209252	0.548570	24.386259	0.574846	-0.472563	-0.668007	640.013062	
485	0.116202	0.874570	-0.470772	48.939465	0.824692	0.179190	0.536448	29.345751	0.553519	-0.450577	-0.700424	638.842041	
486	0.154265	0.879049	-0.451084	49.255344	0.817309	0.142998	0.558176	37.454670	0.555169	-0.454781	-0.696390	639.992981	
487	0.172756	0.883911	-0.434579	49.168327	0.836243	0.101506	0.538885	45.632214	0.520439	-0.456508	-0.721623	641.567017	
488	0.217613	0.901035	-0.375211	46.012234	0.746536	0.093988	0.658674	49.111534	0.628755	-0.423443	-0.652197	616.855103	
489	0.178116	0.916639	-0.357840	47.833302	0.831706	0.054104	0.552576	49.738064	0.525874	-0.396039	-0.752733	624.662537	
490	0.193597	0.916288	-0.350625	50.319260	0.842402	0.027933	0.538127	49.504467	0.502874	-0.399546	-0.766471	626.779907	
491	0.196863	0.912050	-0.359738	53.533890	0.850101	0.024007	0.526075	46.113148	0.488444	-0.409377	-0.770604	626.518005	
492	0.200325	0.918783	-0.340161	57.278206	0.836413	0.020417	0.547721	39.591057	0.510182	-0.394237	-0.764388	615.794189	
493	0.208672	0.925111	-0.317220	61.215954	0.834066	0.001030	0.551666	36.031326	0.510679	-0.379698	-0.771384	611.755981	
494	0.214147	0.929271	-0.300994	65.302345	0.815880	-0.000727	0.578223	36.271912	0.537108	-0.369399	-0.758325	607.474670	
495	0.206191	0.932824	-0.295510	69.507782	0.825745	-0.003841	0.564034	35.491177	0.525010	-0.360314	-0.771062	607.206116	
496	0.200423	0.939589	-0.277497	72.250069	0.829765	-0.012203	0.557983	33.218544	0.520889	-0.342089	-0.782079	603.420593	
497	0.194711	0.943567	-0.267901	73.800659	0.821983	-0.007938	0.569460	31.159647	0.535197	-0.331089	-0.777137	600.689819	
498	0.191077	0.947043	-0.258072	74.750679	0.816439	-0.007386	0.577387	30.102585	0.544905	-0.321024	-0.774610	600.325928	
499	0.191201	0.949025	-0.250590	75.386368	0.814426	-0.010889	0.580168	29.368271	0.547866	-0.315014	-0.774988	601.114746	
500	0.185349	0.955868	-0.227955	75.905296	0.799311	-0.011711	0.600806	29.602428	0.571623	-0.293564	-0.766202	595.723511	
501	0.175125	0.962021	-0.209400	76.733200	0.793700	-0.012101	0.608191	31.435728	0.582560	-0.272709	-0.765671	588.745178	
502	0.161295	0.967212	-0.196179	78.351860	0.792048	-0.008276	0.610404	34.181881	0.588768	-0.253837	-0.767409	582.254028	
503	0.165348	0.969408	-0.181411	80.828232	0.813288	-0.029976	0.581090	36.470970	0.557877	-0.243621	-0.793360	585.870117	
504	0.160334	0.976045	-0.147072	80.920029	0.799339	-0.040975	0.599484	39.527771	0.579099	-0.213676	-0.786756	573.316895	
505	0.177145	0.975404	-0.131180	84.065117	0.780990	-0.058209	0.621827	43.058228	0.598898	-0.212602	-0.772088	576.580872	
506	0.183975	0.978518	-0.093034	85.769012	0.800794	-0.094325	0.591468	45.136021	0.569988	-0.183315	-0.800941	576.453674	
507	0.196914	0.976394	-0.088768	88.274414	0.796754	-0.106607	0.594827	45.856197	0.571324	-0.187855	-0.798935	580.441833	
508	0.205158	0.977439	-0.050241	90.476257	0.748217	-0.123541	0.651852	44.826813	0.630940	-0.171323	-0.756678	579.366272	
509	0.200091	0.979483	-0.024023	92.894867	0.764532	-0.140754	0.629031	44.316132	0.612745	-0.144229	-0.777007	579.781433	
510	0.192215	0.981223	-0.015943	95.803505	0.804177	-0.148181	0.575625	46.305954	0.562456	-0.123464	-0.817556	579.277222	
511	0.185180	0.982680	-0.006942	98.710098	0.827291	-0.152078	0.540800	47.064484	0.530379	-0.105888	-0.841120	579.581116	
512	0.195012	0.980795	0.003418	100.540581	0.847880	-0.170334	0.502083	44.282207	0.493024	-0.095013	-0.864811	577.783630	
513	0.198934	0.979788	0.021017	101.559464	0.800630	-0.174852	0.573079	41.177876	0.565172	-0.097177	-0.819229	572.179260	
514	0.195477	0.978865	0.060105	104.451805	0.795693	-0.194128	0.573750	39.867367	0.573293	-0.064329	-0.816820	579.881470	
515	0.193715	0.978805	0.066450	105.936981	0.809335	-0.197723	0.553069	39.745895	0.554487	-0.053356	-0.830479	579.005554	
516	0.191704	0.977240	0.090838	107.065094	0.798433	-0.209110	0.564605	38.972210	0.570751	-0.035709	-0.820345	579.509827	
517	0.180750	0.977309	0.110438	107.421730	0.798528	-0.211377	0.563627	37.184391	0.574183	-0.013687	-0.818611	580.837158	
518	0.187427	0.974488	0.123465	104.599243	0.802690	-0.224394	0.552574	34.633011	0.566183	-0.004462	-0.824266	575.877502	
519	0.188749	0.973133	0.131859	102.135880	0.814829	-0.230139	0.532063	34.561520	0.548115	0.007017	-0.836372	575.243835	
520	0.185036	0.971630	0.147296	98.070679	0.809303	-0.235687	0.538035	36.189034	0.557488	0.019652	-0.829951	570.143921	
521	0.176444	0.969128	0.172215	94.341408	0.809311	-0.242421	0.535023	39.983776	0.560255	0.044975	-0.827097	569.800476	
522	0.172689	0.966054	0.192142	89.874771	0.805062	-0.250827	0.537554	44.312885	0.567501	0.061857	-0.821045	566.782104	
523	0.164246	0.964710	0.205808	85.503212	0.805506	-0.251602	0.536524	49.764637	0.569373	0.077658	-0.818402	562.139954	
524	0.160741	0.960587	0.226793	82.941116	0.810941	-0.259518	0.524431	55.649097	0.562619	0.099619	-0.820691	561.869019	
525	0.160199	0.958552	0.235616	81.366447	0.826576	-0.260746	0.498784	60.110538	0.539547	0.114850	-0.834084	562.333435	
526	0.160483	0.949920	0.268137	80.852356	0.815403	-0.280674	0.506302	63.972397	0.556206	0.137387	-0.819608	558.605408	
527	0.183771	0.945558	0.268605	80.773201	0.826238	-0.296623	0.478901	68.665863	0.532504	0.133925	-0.835764	552.996887	
528	0.189263	0.940441	0.282400	83.100990	0.829110	-0.307141	0.467165	72.933739	0.526078	0.145724	-0.837856	551.409973	
529	0.205235	0.932156	0.298267	83.217712	0.836816	-0.325179	0.440455	73.356178	0.507563	0.159199	-0.846778	547.623535	
530	0.199497	0.928626	0.312817	81.607239	0.837962	-0.327158	0.436794	72.873001	0.507959	0.174991	-0.843417	547.777161	
531	0.183089	0.926441	0.328914	77.487732	0.837330	-0.322266	0.441616	73.421722	0.515129	0.194555	-0.834738	548.575317	
532	0.177282	0.920828	0.347343	72.927246	0.835131	-0.327487	0.441939	73.006042	0.520700	0.211730	-0.827066	549.333801	
533	0.172220	0.918442	0.356095	68.945488	0.837887	-0.326666	0.437305	70.319038	0.517964	0.223056	-0.825807	548.548096	
534	0.166589	0.913338	0.371566	66.170013	0.836446	-0.330440	0.437229	67.311783	0.522119	0.237958	-0.819003	549.504333	
535	0.166866	0.906578	0.387648	65.373085	0.833801	-0.339589	0.435267	62.337460	0.526245	0.250591	-0.812569	551.805481	
536	0.163867	0.904248	0.394312	64.159874	0.843032	-0.335943	0.420049	53.896286	0.512295	0.263587	-0.817358	552.000000	
537	0.166501	0.899007	0.405047	62.934635	0.833162	-0.347970	0.429837	44.678787	0.527371	0.265903	-0.806953	550.414490	
538	0.170346	0.886143	0.430966	63.347889	0.822000	-0.368983	0.433785	37.120304	0.543415	0.280362	-0.791262	553.499817	
539	0.176029	0.879800	0.441548	63.793873	0.820044	-0.379200	0.428646	31.495066	0.544558	0.286635	-0.788222	554.156738	
540	0.186143	0.870869	0.454904	64.929153	0.815429	-0.395220	0.422941	26.698444	0.548113	0.292216	-0.783696	557.379150	
541	0.181673	0.861072	0.474920	66.537697	0.813754	-0.402791	0.419006	22.586424	0.552088	0.310347	-0.773874	561.451050	
542	0.186668	0.859199	0.476371	67.607178	0.818654	-0.404102	0.408058	19.753304	0.543106	0.313813	-0.778816	564.783875	
543	0.171763	0.847297	0.502577	69.238937	0.817056	-0.407543	0.407836	17.571949	0.550380	0.340584	-0.762287	573.350098	
544	0.164481	0.835807	0.523803	68.116943	0.820223	-0.410862	0.398032	15.145592	0.547889	0.364167	-0.753125	582.320557	
545	0.167681	0.819058	0.548657	64.576065	0.815026	-0.428282	0.390268	14.769528	0.554633	0.381730	-0.739366	591.081055	
546	0.172527	0.815727	0.552105	59.403015	0.827253	-0.424256	0.368322	11.951878	0.534685	0.393187	-0.748007	601.805420	
547	0.166717	0.800536	0.575625	54.331192	0.829719	-0.429308	0.356739	5.461702	0.532704	0.418134	-0.735791	611.887085	
548	0.172750	0.776866	0.605502	49.633316	0.818943	-0.454846	0.349927	2.193182	0.547258	0.435423	-0.714782	621.517517	
549	0.163227	0.766142	0.621595	47.195049	0.822363	-0.453730	0.343294	2.960360	0.545048	0.455143	-0.704106	632.015259	
550	0.149428	0.748636	0.645920	47.385841	0.824153	-0.455228	0.336960	3.631648	0.546302	0.481986	-0.685012	647.306580	
551	0.155017	0.741315	0.653007	46.223217	0.831395	-0.454934	0.319091	1.232007	0.533623	0.493444	-0.686846	657.849670	
552	0.157407	0.727322	0.667999	43.228416	0.828063	-0.465784	0.312025	-2.096183	0.538086	0.504031	-0.675584	667.577454	
553	0.158134	0.717206	0.678679	42.190979	0.832015	-0.466920	0.299565	-5.213280	0.531740	0.517301	-0.670560	675.843384	
554	0.139953	0.700638	0.699654	40.530243	0.837935	-0.460265	0.293298	-8.144597	0.527522	0.545218	-0.651503	683.979553	
555	0.136725	0.701476	0.699453	40.260567	0.838668	-0.457749	0.295135	-11.474916	0.527204	0.546258	-0.650889	689.010376	
556	0.125889	0.688132	0.714578	42.634190	0.834861	-0.462579	0.298380	-14.424452	0.535874	0.559012	-0.632727	692.634033	
557	0.139522	0.696118	0.704237	46.163494	0.836866	-0.463069	0.291932	-15.992002	0.529330	0.548623	-0.647164	697.588196	
558	0.125449	0.678397	0.723903	51.650467	0.843090	-0.457508	0.282644	-18.185684	0.522937	0.574860	-0.629342	703.489197	
559	0.122907	0.661479	0.739821	59.009823	0.843367	-0.462551	0.273462	-19.993570	0.523095	0.590332	-0.614719	706.930115	
560	0.120716	0.644486	0.755024	64.550957	0.843455	-0.467664	0.264343	-20.752975	0.523463	0.604920	-0.600048	712.374939	
561	0.132083	0.638750	0.757989	69.758125	0.845230	-0.472053	0.250510	-19.721443	0.517825	0.607589	-0.602240	718.083801	
562	0.138164	0.626861	0.766780	74.077744	0.845834	-0.477452	0.237920	-18.051636	0.515244	0.615699	-0.596186	723.511169	
563	0.139499	0.611874	0.778554	78.699631	0.851181	-0.475860	0.221472	-15.592120	0.505996	0.631797	-0.587196	726.552979	
564	0.144483	0.605796	0.782388	84.486259	0.857380	-0.471378	0.206653	-13.827704	0.493991	0.640948	-0.587502	732.565308	
565	0.150217	0.597929	0.787344	91.766174	0.859254	-0.472858	0.195165	-12.578666	0.488998	0.647214	-0.584803	736.624146	
566	0.147968	0.590323	0.793486	98.035561	0.865758	-0.465167	0.184622	-13.565116	0.478091	0.659650	-0.579906	742.828674	
567	0.155451	0.588418	0.793470	103.132225	0.863155	-0.471545	0.180585	-19.983303	0.480417	0.656817	-0.581197	747.250549	
568	0.170861	0.580480	0.796144	106.292938	0.864562	-0.475892	0.161437	-30.935589	0.472590	0.660734	-0.583171	751.335632	
569	0.149229	0.535244	0.831408	105.706909	0.860153	-0.484998	0.157845	-41.673820	0.487717	0.691585	-0.532768	748.887817	
570	0.156843	0.515364	0.842493	102.192070	0.855779	-0.496739	0.144547	-48.472496	0.492994	0.698319	-0.518948	751.678040	
571	0.138025	0.494504	0.858143	96.001816	0.851792	-0.501372	0.151914	-51.295471	0.505371	0.709994	-0.490416	752.568848	
572	0.140494	0.470766	0.870997	92.474976	0.851672	-0.506080	0.136156	-53.844460	0.504893	0.722677	-0.472040	758.338928	
573	0.138786	0.461367	0.876284	92.675049	0.854858	-0.502524	0.129189	-55.953541	0.499958	0.731171	-0.464146	759.238159	
574	0.140833	0.451573	0.881046	94.485779	0.851749	-0.508900	0.124685	-55.835545	0.504670	0.732872	-0.456297	760.909912	
575	0.137774	0.442978	0.885880	98.381470	0.849135	-0.513269	0.124599	-56.432701	0.509890	0.735068	-0.446864	760.682617	
576	0.139811	0.425913	0.893893	101.153839	0.847834	-0.517836	0.114128	-56.791187	0.511499	0.741919	-0.433503	756.439758	
577	0.135222	0.407359	0.903199	102.136314	0.847288	-0.520096	0.107723	-54.559216	0.513633	0.750705	-0.415479	755.949768	
578	0.135157	0.385592	0.912713	104.045464	0.851824	-0.515732	0.091742	-52.044987	0.506092	0.765074	-0.398162	755.067017	
579	0.138684	0.388701	0.910864	107.519142	0.853059	-0.514082	0.089498	-51.080479	0.503048	0.764612	-0.402880	753.569702	
580	0.145188	0.357662	0.922493	110.896271	0.850203	-0.521971	0.068567	-51.299934	0.506040	0.774354	-0.379870	751.134399	
581	0.140511	0.343873	0.928441	113.425674	0.851316	-0.520731	0.064030	-53.291622	0.505487	0.781403	-0.365914	750.436584	
582	0.144577	0.316961	0.937351	114.448936	0.839041	-0.541416	0.053666	-54.736420	0.524508	0.778720	-0.344221	746.990234	
583	0.133485	0.284544	0.949321	114.673889	0.845682	-0.532141	0.040591	-54.986305	0.516724	0.797409	-0.311667	744.017151	
584	0.140749	0.264276	0.954119	114.655350	0.844780	-0.534599	0.023458	-55.626022	0.516272	0.802722	-0.298501	741.370361	
585	0.108288	0.216063	0.970353	116.485191	0.884937	-0.465685	0.004938	-56.714905	0.452947	0.858169	-0.241632	723.434326	
586	0.118208	0.180912	0.976367	119.663467	0.882704	-0.469508	-0.019870	-56.147274	0.454820	0.864195	-0.215193	713.580383	
587	0.146049	0.179169	0.972914	125.599426	0.862925	-0.503996	-0.036721	-53.134121	0.483768	0.844918	-0.228218	717.970398	
588	0.147762	0.170882	0.974146	130.727890	0.867556	-0.495327	-0.044702	-49.946053	0.474884	0.851734	-0.221441	720.052002	
589	0.170182	0.161417	0.972099	136.083344	0.844530	-0.532196	-0.059475	-47.103394	0.507749	0.831091	-0.226893	724.756714	
590	0.180346	0.162562	0.970074	139.949387	0.857683	-0.508798	-0.074186	-43.032356	0.481514	0.845398	-0.231188	723.141968	
591	0.187182	0.159899	0.969221	144.050720	0.861879	-0.500118	-0.083940	-39.668961	0.471305	0.851066	-0.231428	720.560547	
592	0.187925	0.157799	0.969422	149.024292	0.850184	-0.520356	-0.080106	-36.710827	0.491806	0.839243	-0.231947	725.937927	
593	0.181888	0.162108	0.969862	149.805008	0.862961	-0.499151	-0.078407	-34.392075	0.471399	0.851216	-0.230684	722.025391	
594	0.181917	0.153484	0.971259	150.777405	0.866777	-0.491453	-0.084682	-32.228733	0.464332	0.857273	-0.222442	717.393982	
595	0.176345	0.160402	0.971168	149.905594	0.865992	-0.494310	-0.075602	-28.879995	0.467933	0.854359	-0.226078	712.808411	
596	0.178103	0.122594	0.976342	149.150284	0.852957	-0.513977	-0.091055	-24.978153	0.490657	0.848998	-0.196109	712.382690	
597	0.168396	0.113281	0.979186	148.124603	0.855422	-0.510390	-0.088063	-20.619675	0.489792	0.852449	-0.182852	711.472412	
598	0.169356	0.101949	0.980265	146.591400	0.873003	-0.477099	-0.101203	-16.157223	0.457367	0.872916	-0.169803	708.622131	
599	0.169611	0.103485	0.980060	143.495712	0.886241	-0.450990	-0.105751	-15.243454	0.431056	0.886509	-0.168207	704.033997	
600	0.183374	0.090561	0.978860	140.056915	0.885113	-0.448463	-0.124319	-14.200918	0.427726	0.889201	-0.162395	698.991943	
601	0.191320	0.086610	0.977696	134.832169	0.901905	-0.408515	-0.140297	-12.509680	0.387254	0.908633	-0.156273	688.032532	
602	0.201433	0.069185	0.977053	130.770386	0.898443	-0.410381	-0.156164	-11.799871	0.390162	0.909285	-0.144825	687.242065	
603	0.212708	0.057858	0.975398	126.863251	0.898706	-0.403392	-0.172052	-13.088099	0.383515	0.913196	-0.137804	680.902771	
604	0.222618	0.045029	0.973862	120.016647	0.903101	-0.385795	-0.188601	-16.859741	0.367220	0.921484	-0.126552	668.875916	
605	0.228014	0.022016	0.973406	115.905823	0.883901	-0.423944	-0.197456	-22.910612	0.408325	0.905420	-0.116127	669.885071	
606	0.230766	0.012896	0.972921	108.183701	0.895674	-0.393477	-0.207225	-28.398577	0.380151	0.919243	-0.102353	657.263367	
607	0.247157	0.022095	0.968721	97.644363	0.909749	-0.349454	-0.224138	-29.780794	0.333573	0.936692	-0.106473	641.306702	
608	0.245277	-0.026505	0.969088	96.494507	0.880003	-0.413308	-0.234031	-29.348827	0.406737	0.910205	-0.078052	660.874756	
609	0.245927	-0.048836	0.968055	91.096558	0.880729	-0.405802	-0.244211	-26.361628	0.404767	0.912655	-0.056788	657.934265	
610	0.247515	-0.086175	0.965041	89.636841	0.859455	-0.440302	-0.259748	-23.702181	0.447296	0.893704	-0.034920	667.176392	
611	0.243802	-0.103816	0.964250	88.129845	0.861475	-0.433484	-0.264483	-22.413260	0.445446	0.895161	-0.016252	667.236145	
612	0.238216	-0.131180	0.962310	86.899132	0.858680	-0.434508	-0.271790	-20.919188	0.453787	0.891063	0.009133	670.202393	
613	0.232408	-0.159637	0.959426	86.704918	0.843890	-0.457339	-0.280514	-20.129463	0.483566	0.874846	0.028425	673.157898	
614	0.222331	-0.171918	0.959692	86.708412	0.845420	-0.456294	-0.277594	-19.191120	0.485628	0.873063	0.043892	671.712036	
615	0.210372	-0.189517	0.959074	85.311943	0.841417	-0.464390	-0.276326	-17.542370	0.497755	0.865115	0.061766	671.389465	
616	0.198767	-0.206931	0.957949	86.462143	0.830872	-0.482798	-0.276687	-14.836137	0.519753	0.850932	0.075967	673.866455	
617	0.195370	-0.215422	0.956776	85.006042	0.842678	-0.462212	-0.276137	-13.136992	0.501721	0.860205	0.091226	668.935974	
618	0.186023	-0.238536	0.953148	84.774773	0.826054	-0.487289	-0.283164	-9.620582	0.532006	0.840030	0.106394	669.381348	
619	0.179469	-0.264815	0.947449	84.821930	0.825972	-0.482586	-0.291339	-7.068141	0.534380	0.834855	0.132118	669.765503	
620	0.175453	-0.281541	0.943370	85.607033	0.828394	-0.475553	-0.295990	-4.536098	0.531958	0.833417	0.149788	668.593872	
621	0.167017	-0.301401	0.938754	84.883026	0.833510	-0.465426	-0.297721	-3.161867	0.526656	0.832187	0.173484	669.329773	
622	0.160026	-0.337902	0.927475	85.683601	0.832368	-0.458878	-0.310794	-5.156817	0.530619	0.821737	0.207824	673.529419	
623	0.169461	-0.353315	0.920026	85.589134	0.833473	-0.446801	-0.325098	-8.673285	0.525933	0.821911	0.218760	671.229980	
624	0.171890	-0.368174	0.913728	86.070808	0.828685	-0.447493	-0.336199	-9.280783	0.532669	0.814983	0.228179	669.146729	
625	0.175679	-0.382927	0.906918	87.050392	0.830472	-0.437050	-0.345402	-7.361017	0.528635	0.813851	0.241227	668.975830	
626	0.180158	-0.397861	0.899581	88.841507	0.834414	-0.422461	-0.353946	-5.760819	0.520862	0.814391	0.255869	669.731995	
627	0.170018	-0.422382	0.890328	90.608864	0.830659	-0.424667	-0.360086	-5.814105	0.530189	0.800781	0.278652	673.056946	
628	0.178785	-0.427077	0.886363	92.412491	0.837653	-0.406499	-0.364820	-7.312912	0.516114	0.807690	0.285063	670.871826	
629	0.178317	-0.437386	0.881416	95.260231	0.838523	-0.401164	-0.368706	-9.551658	0.514861	0.804836	0.295221	669.749268	
630	0.171742	-0.438661	0.882088	98.062447	0.832611	-0.413955	-0.367964	-11.098536	0.526559	0.797632	0.294138	669.906311	
631	0.170008	-0.452485	0.875415	100.206299	0.830292	-0.412698	-0.374557	-12.039279	0.530767	0.790529	0.305530	671.092773	
632	0.159715	-0.464665	0.870963	102.094604	0.834865	-0.407231	-0.370353	-14.105030	0.526775	0.786288	0.322889	672.329773	
633	0.153729	-0.471089	0.868585	102.508286	0.832869	-0.411222	-0.370436	-17.222441	0.531692	0.780366	0.329136	671.635071	
634	0.144521	-0.485510	0.862202	101.838890	0.825622	-0.421110	-0.375515	-20.478661	0.545401	0.766124	0.339986	670.860901	
635	0.140746	-0.488745	0.860998	100.776558	0.825288	-0.422471	-0.374720	-24.252632	0.546891	0.763313	0.343891	669.251038	
636	0.146318	-0.480537	0.864681	99.398674	0.826708	-0.420637	-0.373652	-26.573112	0.543273	0.769512	0.335713	665.912354	
637	0.139864	-0.487374	0.861918	97.553421	0.825794	-0.422893	-0.373124	-27.171446	0.546353	0.763955	0.343321	665.244751	
638	0.142135	-0.486169	0.862227	96.485062	0.822543	-0.426568	-0.376111	-25.930490	0.550654	0.762679	0.339262	663.381409	
639	0.141514	-0.488053	0.861265	95.444298	0.824608	-0.423254	-0.375332	-24.602299	0.547718	0.763322	0.342553	663.243591	
640	0.139887	-0.498265	0.855665	95.036224	0.823179	-0.421732	-0.380152	-23.472036	0.550279	0.757545	0.351164	662.840759	
641	0.148925	-0.491402	0.858105	95.316864	0.828809	-0.411285	-0.379363	-23.491722	0.539348	0.767703	0.346025	662.073975	
642	0.143894	-0.505775	0.850579	96.489128	0.826675	-0.411036	-0.384258	-24.123835	0.543969	0.758446	0.358963	661.449341	
643	0.152083	-0.496117	0.854832	97.112961	0.824037	-0.413916	-0.386824	-23.830107	0.545741	0.763244	0.345866	658.263428	
644	0.144756	-0.509932	0.847946	97.913582	0.823850	-0.412516	-0.388715	-23.512615	0.548011	0.754851	0.360390	657.923401	
